lat prs camp flt x yday
5 350 21 1 -0.2866244 210
15 350 21 1 -0.5611289 210
25 350 21 1 -0.2642732 210
35 350 21 1 -0.4799572 210
5 450 21 1 -0.4298688 210
15 450 21 1 -0.4185814 210
25 450 21 1 0.05426164 210
5 550 21 1 -0.5607966 210
15 550 21 1 -0.4626991 210
25 550 21 1 0.1339179 210
5 650 21 1 -0.6756884 210
15 650 21 1 -0.5107372 210
25 650 21 1 -0.1744039 210
5 750 21 1 -0.8359866 210
15 750 21 1 -0.4818346 210
5 850 21 1 -1.123611 210
15 850 21 1 -0.5588531 210
25 850 21 1 -0.4797409 210
5 950 21 1 -1.317253 210
15 950 21 1 -0.5946193 210
25 950 21 1 -0.7969653 210
5 350 22 1 -1.718656 25
15 350 22 1 -1.336743 25.64151
25 350 22 1 -0.1709326 25.73333
35 350 22 1 0.2083565 25.14894
5 450 22 1 -1.645188 25
15 450 22 1 -1.324618 25.5
25 450 22 1 -0.4505657 26
35 450 22 1 0.9550227 26
5 550 22 1 -1.479789 25
15 550 22 1 -1.188812 25.51852
25 550 22 1 0.3360924 26
35 550 22 1 2.124646 26
5 650 22 1 -0.9003625 25
15 650 22 1 -0.5320029 25.5
25 650 22 1 1.491381 26
35 650 22 1 2.946284 26
5 750 22 1 -0.7786566 25
15 750 22 1 0.4763716 25.71429
25 750 22 1 2.531066 26
35 750 22 1 3.546616 26
5 850 22 1 -0.2540962 25
15 850 22 1 1.944765 26
25 850 22 1 3.580983 26
35 850 22 1 4.405772 26
5 950 22 1 -0.118367 25
15 950 22 1 2.376185 26
25 950 22 1 4.617882 26
-5 350 23 1 -3.8939 270
5 350 23 1 -3.771228 270
15 350 23 1 -4.260682 270
25 350 23 1 -4.329723 270
35 350 23 1 -5.288934 270.2581
-5 450 23 1 -3.829214 270
5 450 23 1 -3.788846 270
15 450 23 1 -4.76286 270
25 450 23 1 -5.225127 270
35 450 23 1 -5.498436 270.4923
-5 550 23 1 -3.548964 270
5 550 23 1 -3.530679 270
15 550 23 1 -4.861759 270
25 550 23 1 -5.514777 270
35 550 23 1 -5.509351 270.4688
5 650 23 1 -2.859211 270
15 650 23 1 -4.415937 270
25 650 23 1 -5.661366 270
35 650 23 1 -5.404265 270.4324
5 750 23 1 -2.528161 270
15 750 23 1 -3.909526 270
25 750 23 1 -5.610792 270
35 750 23 1 -2.816447 270.6154
5 850 23 1 -2.238816 270
15 850 23 1 -3.89376 270
25 850 23 1 -4.306397 270
35 850 23 1 -1.402479 270.66
5 950 23 1 -1.97767 270
15 950 23 1 -4.251443 270
25 950 23 1 -2.986096 270
35 950 23 1 0.1995757 270.9
5 350 24 1 0.9991298 113
15 350 24 1 1.905615 113
25 350 24 1 1.154503 113
35 350 24 1 1.941233 113
5 450 24 1 0.801444 113
15 450 24 1 1.939646 113
25 450 24 1 2.041426 113
35 450 24 1 2.486213 113
5 550 24 1 0.7606893 113
15 550 24 1 2.295234 113
25 550 24 1 2.18405 113
35 550 24 1 3.289538 113.3462
5 650 24 1 0.8033205 113
15 650 24 1 2.370627 113
25 650 24 1 2.47443 113
35 650 24 1 3.564751 113.4667
5 750 24 1 1.25767 113
15 750 24 1 2.50875 113
25 750 24 1 2.836993 113
5 850 24 1 0.9841296 113
15 850 24 1 2.548141 113
25 850 24 1 2.950036 113
5 950 24 1 0.7941305 113
15 950 24 1 4.141125 113
25 950 24 1 5.941396 113
35 350 21 2 -0.5156746 213
45 350 21 2 -1.073412 213
65 350 21 2 -6.210835 213.1282
75 350 21 2 -8.405292 213
65 450 21 2 -7.11185 213.7614
75 450 21 2 -7.885403 213
65 550 21 2 -7.926927 213
75 550 21 2 -7.996737 213
65 650 21 2 -9.020031 213
75 650 21 2 -8.75439 213
75 750 21 2 -8.828251 213
75 850 21 2 -8.71899 213
75 950 21 2 -8.729759 213
35 350 22 2 0.1600812 28
45 350 22 2 1.068239 28
55 350 22 2 1.804894 28
65 350 22 2 2.066783 29
75 350 22 2 2.199433 29
35 450 22 2 0.3492659 28
45 450 22 2 2.205888 28
55 450 22 2 2.907523 28
65 450 22 2 3.730894 29
75 450 22 2 3.975664 29
35 550 22 2 0.3085123 28
45 550 22 2 2.721513 28
55 550 22 2 3.520201 28
65 550 22 2 4.356134 29
75 550 22 2 4.149279 29
35 650 22 2 0.6163172 28
45 650 22 2 2.747012 28
55 650 22 2 4.117681 28
65 650 22 2 4.555149 29
75 650 22 2 4.484023 29
35 750 22 2 1.087765 28
45 750 22 2 3.220638 28
55 750 22 2 4.552665 28
65 750 22 2 4.899218 29
75 750 22 2 4.941141 29
35 850 22 2 1.895749 28
45 850 22 2 3.979578 28
55 850 22 2 4.745177 28
65 850 22 2 5.392779 29
75 850 22 2 5.437777 29
35 950 22 2 2.395746 28
45 950 22 2 4.409427 28
55 950 22 2 4.887309 28
65 950 22 2 5.625519 29
75 950 22 2 5.787156 29
35 350 23 2 -5.191176 273
45 350 23 2 -5.032993 273
55 350 23 2 -5.10235 273
65 350 23 2 -5.209926 274
75 350 23 2 -5.202477 273.5581
35 450 23 2 -5.246612 273
45 450 23 2 -5.007122 273
55 450 23 2 -5.064622 273
65 450 23 2 -5.188882 274
75 450 23 2 -4.983121 273.5455
35 550 23 2 -5.05907 273
45 550 23 2 -4.822578 273
55 550 23 2 -5.156745 273
65 550 23 2 -5.262675 274
75 550 23 2 -4.82914 273.8421
35 650 23 2 -5.249191 273
45 650 23 2 -4.690984 273
55 650 23 2 -5.405177 273
65 650 23 2 -5.167493 274
75 650 23 2 -5.048161 274
35 750 23 2 -5.976094 273
45 750 23 2 -5.160372 273
55 750 23 2 -5.520393 273
65 750 23 2 -5.103705 274
75 750 23 2 -5.350946 274
35 850 23 2 -5.89838 273
45 850 23 2 -5.902601 273
55 850 23 2 -5.406423 273
75 850 23 2 -5.735779 274
35 950 23 2 -5.695003 273
45 950 23 2 -5.952277 273
55 950 23 2 -3.046195 273
75 950 23 2 -5.905732 274
35 350 24 2 3.441344 116
45 350 24 2 3.708895 116
55 350 24 2 4.400431 116
65 350 24 2 5.047868 117
75 350 24 2 4.458305 116.36
35 450 24 2 3.82267 116
45 450 24 2 4.176401 116
55 450 24 2 4.966539 116
65 450 24 2 5.539506 117
75 450 24 2 5.732544 116.4762
35 550 24 2 4.065063 116
45 550 24 2 4.556777 116
55 550 24 2 5.227058 116
65 550 24 2 6.098878 117
75 550 24 2 6.495745 116.5179
35 650 24 2 4.139625 116
45 650 24 2 4.979221 116
55 650 24 2 5.657673 116
65 650 24 2 6.951169 117
75 650 24 2 7.343402 116.4921
35 750 24 2 4.802458 116
45 750 24 2 5.56698 116
55 750 24 2 6.283795 116
65 750 24 2 7.254749 117
75 750 24 2 7.801417 116.5172
35 850 24 2 5.396898 116
45 850 24 2 6.280378 116
55 850 24 2 6.577975 116
65 850 24 2 7.734877 117
75 850 24 2 8.104731 116.4468
35 950 24 2 6.170315 116
45 950 24 2 6.756169 116
55 950 24 2 7.102321 116
65 950 24 2 7.981169 117
75 950 24 2 8.341494 116.6042
25 350 21 3 -1.424357 216
35 350 21 3 -1.760723 215.2836
45 350 21 3 -4.44823 215
55 350 21 3 -6.077722 215
65 350 21 3 -7.606874 215
25 450 21 3 -0.8854534 216
35 450 21 3 -1.174876 215.3061
45 450 21 3 -3.62344 215
55 450 21 3 -4.815216 215
65 450 21 3 -8.57488 215
25 550 21 3 -0.8790423 216
35 550 21 3 -1.030668 215.4583
45 550 21 3 -2.836255 215
55 550 21 3 -4.334162 215
65 550 21 3 -8.311323 215
25 650 21 3 -0.7100567 216
35 650 21 3 -1.930905 215.2836
45 650 21 3 -2.327732 215
55 650 21 3 -3.808468 215
65 650 21 3 -8.373326 215
25 750 21 3 -0.642942 216
35 750 21 3 -2.807679 215.5333
45 750 21 3 -2.148093 215
55 750 21 3 -3.182586 215
65 750 21 3 -8.644659 215
35 850 21 3 -3.960563 215.4884
45 850 21 3 -2.02508 215
55 850 21 3 -2.710477 215
65 850 21 3 -9.501538 215
35 950 21 3 -4.261705 215.4865
45 950 21 3 -2.016977 215
55 950 21 3 -3.635875 215
25 350 22 3 0.4605177 32
35 350 22 3 1.388885 32
45 350 22 3 1.787761 31
55 350 22 3 2.085279 31
65 350 22 3 2.944141 31
25 450 22 3 0.3530637 32
35 450 22 3 1.989697 32
45 450 22 3 2.888389 31
55 450 22 3 3.082066 31
65 450 22 3 3.318989 31
25 550 22 3 0.9920283 32
35 550 22 3 2.657068 32
45 550 22 3 3.687761 31
55 550 22 3 3.884352 31
65 550 22 3 3.741289 31
25 650 22 3 1.416731 32
35 650 22 3 3.470883 32
45 650 22 3 4.284002 31
55 650 22 3 4.456199 31
65 650 22 3 4.007246 31
15 750 22 3 1.224955 32
25 750 22 3 2.043341 32
35 750 22 3 4.005529 32
45 750 22 3 4.620226 31
55 750 22 3 4.710668 31
65 750 22 3 4.464248 31
15 850 22 3 2.996053 32
25 850 22 3 3.046006 32
35 850 22 3 4.322008 32
45 850 22 3 4.991789 31
55 850 22 3 5.150686 31
65 850 22 3 4.794791 31
15 950 22 3 3.561509 32
25 950 22 3 3.929449 32
35 950 22 3 4.377358 32
45 950 22 3 5.167364 31
55 950 22 3 6.221068 31
25 350 23 3 -5.070713 277
35 350 23 3 -5.173799 276
45 350 23 3 -4.027754 276
55 350 23 3 -4.137952 276
65 350 23 3 -4.959458 276
25 450 23 3 -5.165649 277
35 450 23 3 -5.169891 276
45 450 23 3 -4.710941 276
55 450 23 3 -3.74354 276
65 450 23 3 -4.926331 276
25 550 23 3 -5.238523 276.3438
35 550 23 3 -5.286804 276
45 550 23 3 -5.070383 276
55 550 23 3 -3.650634 276
25 650 23 3 -5.029783 276.45
35 650 23 3 -5.181914 276
45 650 23 3 -4.908453 276
55 650 23 3 -2.884021 276
25 750 23 3 -4.589632 276.4571
35 750 23 3 -4.388455 276
45 750 23 3 -4.308986 276
55 750 23 3 -1.523744 276
25 850 23 3 -4.229047 276.4138
35 850 23 3 -2.742727 276
45 850 23 3 -1.909913 276
55 850 23 3 0.9772088 276
25 950 23 3 -4.430329 276
35 950 23 3 -2.078677 276
45 950 23 3 2.854035 276
55 950 23 3 2.852511 276
25 350 24 3 3.33526 119
35 350 24 3 4.404014 118
45 350 24 3 4.554943 118
55 350 24 3 2.864353 118
65 350 24 3 4.182038 118
25 450 24 3 4.122481 118.7843
35 450 24 3 4.891973 118
45 450 24 3 4.697356 118
55 450 24 3 3.558564 118
65 450 24 3 5.186136 118
25 550 24 3 4.028123 118.75
35 550 24 3 5.17562 118
45 550 24 3 4.579616 118
55 550 24 3 3.874284 118
65 550 24 3 5.731429 118
25 650 24 3 4.548112 118.6809
35 650 24 3 5.514874 118
45 650 24 3 4.997538 118
55 650 24 3 4.668778 118
65 650 24 3 6.669626 118
25 750 24 3 4.762296 118.6667
35 750 24 3 5.737421 118
45 750 24 3 5.648561 118
55 750 24 3 5.892585 118
25 850 24 3 5.049966 118.6757
35 850 24 3 5.859677 118
45 850 24 3 6.569521 118
55 850 24 3 6.772104 118
15 950 24 3 4.292269 119
25 950 24 3 5.755554 118.7877
35 950 24 3 5.839806 118
45 950 24 3 6.237067 118
55 950 24 3 7.44773 118
-15 350 21 4 -0.8499653 219
-5 350 21 4 -0.968719 218.6834
5 350 21 4 -0.8137715 218
15 350 21 4 -1.234576 218
-15 450 21 4 -1.017852 219
-5 450 21 4 -1.025983 218.6023
5 450 21 4 -0.8643318 218
15 450 21 4 -0.7342643 218
-15 550 21 4 -1.106249 219
-5 550 21 4 -1.01423 218.5915
5 550 21 4 -0.7833167 218
15 550 21 4 -0.7089845 218
-15 650 21 4 -1.136362 219
-5 650 21 4 -0.8909847 218.4068
5 650 21 4 -0.7257395 218
15 650 21 4 -0.6880106 218
-15 750 21 4 -1.306223 219
-5 750 21 4 -0.7796197 218.525
5 750 21 4 -0.724472 218
15 750 21 4 -0.8524539 218
-15 850 21 4 -1.593853 219
-5 850 21 4 -1.054917 218.4444
5 850 21 4 -0.8773624 218
15 850 21 4 -1.374795 218
-15 950 21 4 -1.663545 219
-5 950 21 4 -1.107984 218.4255
5 950 21 4 -0.9086817 218
15 950 21 4 -1.57533 218
-15 350 22 4 -1.750529 34
-5 350 22 4 -1.446929 33.87179
5 350 22 4 -0.6383729 33
15 350 22 4 -0.1415295 33
-15 450 22 4 -1.809417 34
-5 450 22 4 -1.428874 33.79167
5 450 22 4 -0.3960812 33
15 450 22 4 -0.3495624 33
-15 550 22 4 -1.833936 34
-5 550 22 4 -1.568293 33.81429
5 550 22 4 -0.192565 33
15 550 22 4 0.2353736 33
-15 650 22 4 -1.609406 34
-5 650 22 4 -1.577054 33.79661
5 650 22 4 -0.2825421 33
15 650 22 4 0.4770257 33
-15 750 22 4 -1.458625 34
-5 750 22 4 -1.453875 33.78182
5 750 22 4 -0.8226237 33
15 750 22 4 0.5132931 33
-15 850 22 4 -1.335884 34
-5 850 22 4 -1.292195 33.76471
5 850 22 4 -0.6861496 33
15 850 22 4 1.146384 33
-15 950 22 4 -1.254705 34
-5 950 22 4 -1.371596 33.94286
5 950 22 4 -0.6215945 33
15 950 22 4 1.787127 33
-15 350 23 4 -3.250728 279
-5 350 23 4 -2.755652 279
5 350 23 4 -3.244452 278.2759
15 350 23 4 -4.854804 278
-15 450 23 4 -3.183522 279
-5 450 23 4 -2.731001 279
5 450 23 4 -3.327568 278.5238
15 450 23 4 -4.651233 278
-15 550 23 4 -3.172811 279
-5 550 23 4 -2.793325 279
5 550 23 4 -3.389423 278.4717
15 550 23 4 -4.741068 278
-15 650 23 4 -2.995769 279
-5 650 23 4 -2.60031 279
5 650 23 4 -3.193894 278.5319
15 650 23 4 -4.746289 278
-15 750 23 4 -2.878781 279
-5 750 23 4 -2.545323 279
5 750 23 4 -3.059986 278.475
15 750 23 4 -4.13206 278
-15 850 23 4 -2.875236 279
-5 850 23 4 -2.474379 279
5 850 23 4 -2.476007 278.5
15 850 23 4 -3.561081 278
-15 950 23 4 -3.060747 279
-5 950 23 4 -1.948775 279
5 950 23 4 -2.098263 278.4301
15 950 23 4 -3.284838 278
-15 350 24 4 -1.937203 121
-5 350 24 4 -1.601653 121
5 350 24 4 -0.8734879 120
15 350 24 4 1.353182 120
-15 450 24 4 -2.144665 121
-5 450 24 4 -1.520215 120.9259
5 450 24 4 -0.9343706 120
15 450 24 4 1.786148 120
-15 550 24 4 -2.730448 121
-5 550 24 4 -1.131699 120.7049
5 550 24 4 -0.3123455 120
15 550 24 4 1.23186 120
-15 650 24 4 -3.055177 121
-5 650 24 4 -1.02249 120.7037
5 650 24 4 0.06300116 120
15 650 24 4 1.404262 120
-15 750 24 4 -3.238858 121
-5 750 24 4 -0.979106 120.7059
5 750 24 4 0.3783155 120
15 750 24 4 1.572373 120
-15 850 24 4 -3.50599 121
-5 850 24 4 -0.9005516 120.7073
5 850 24 4 0.6526771 120
15 850 24 4 2.272442 120
-15 950 24 4 -3.531606 121
-5 950 24 4 -0.5922212 120.3785
5 950 24 4 1.156873 120
15 950 24 4 4.092395 120
-45 350 21 5 -2.021644 220.5319
-35 350 21 5 -1.519877 220
-15 350 21 5 -0.933314 220
-45 450 21 5 -2.26606 220.75
-35 450 21 5 -1.971778 220
-15 450 21 5 -1.03858 220
-45 550 21 5 -2.366584 220.7818
-35 550 21 5 -2.357325 220
-15 550 21 5 -1.222505 220
-45 650 21 5 -2.523827 220.9035
-35 650 21 5 -2.597264 220
-25 650 21 5 -1.36203 220
-15 650 21 5 -1.324915 220
-45 750 21 5 -2.7285 221
-35 750 21 5 -2.856185 220
-25 750 21 5 -1.478756 220
-15 750 21 5 -1.431129 220
-45 850 21 5 -2.980105 221
-35 850 21 5 -3.094384 220
-25 850 21 5 -1.714651 220
-15 850 21 5 -1.572681 220
-45 950 21 5 -2.955268 221
-35 950 21 5 -3.208648 220
-25 950 21 5 -2.588973 220
-15 950 21 5 -1.787051 220
-55 350 22 5 -3.325705 36
-45 350 22 5 -3.151434 35.86585
-35 350 22 5 -2.841072 35
-25 350 22 5 -2.834797 35
-15 350 22 5 -2.657136 35
-55 450 22 5 -3.554628 36
-45 450 22 5 -3.238963 36
-35 450 22 5 -3.161976 35
-25 450 22 5 -3.211007 35
-15 450 22 5 -2.519956 35
-55 550 22 5 -3.784788 36
-45 550 22 5 -3.321276 36
-35 550 22 5 -3.272323 35
-25 550 22 5 -3.061417 35
-15 550 22 5 -2.085375 35
-55 650 22 5 -4.171294 36
-45 650 22 5 -3.346938 36
-35 650 22 5 -3.26589 35
-25 650 22 5 -2.797926 35
-15 650 22 5 -1.900255 35
-55 750 22 5 -4.302157 36
-45 750 22 5 -3.592377 36
-35 750 22 5 -3.327781 35
-25 750 22 5 -2.692631 35
-15 750 22 5 -1.865622 35
-55 850 22 5 -4.36412 36
-45 850 22 5 -3.613763 36
-35 850 22 5 -3.531431 35
-25 850 22 5 -2.823391 35
-15 850 22 5 -1.796399 35
-55 950 22 5 -4.344236 36
-45 950 22 5 -3.893057 36
-35 950 22 5 -4.172822 35
-25 950 22 5 -3.346849 35
-55 350 23 5 -2.912196 281
-45 350 23 5 -2.892715 280.8322
-35 350 23 5 -2.839471 280
-25 350 23 5 -2.72628 280
-15 350 23 5 -2.917217 280
-55 450 23 5 -2.924373 281
-45 450 23 5 -2.816426 280.8584
-35 450 23 5 -2.756718 280
-25 450 23 5 -2.819665 280
-15 450 23 5 -3.096234 280
-55 550 23 5 -2.852945 281
-45 550 23 5 -2.771702 280.9023
-35 550 23 5 -2.723346 280
-25 550 23 5 -2.727727 280
-15 550 23 5 -3.233141 280
-55 650 23 5 -2.8965 281
-45 650 23 5 -2.773855 280.8916
-35 650 23 5 -2.665447 280
-25 650 23 5 -2.661489 280
-15 650 23 5 -3.143918 280
-55 750 23 5 -2.914213 281
-45 750 23 5 -2.793911 281
-35 750 23 5 -2.748277 280
-25 750 23 5 -2.493743 280
-15 750 23 5 -2.918018 280
-55 850 23 5 -3.14071 281
-45 850 23 5 -2.977288 281
-35 850 23 5 -2.972983 280
-25 850 23 5 -2.307934 280
-15 850 23 5 -3.038998 280
-55 950 23 5 -4.984667 281
-45 950 23 5 -4.114319 281
-35 950 23 5 -3.136758 280
-25 950 23 5 -2.221319 280
-15 950 23 5 -3.146669 280
-45 350 24 5 -2.976554 123
-35 350 24 5 -2.698274 122.4231
-25 350 24 5 -2.513386 122
-15 350 24 5 -2.462401 122
-45 450 24 5 -3.011974 123
-35 450 24 5 -2.975005 122.6667
-25 450 24 5 -2.771554 122
-15 450 24 5 -2.51743 122
-45 550 24 5 -3.072047 123
-35 550 24 5 -3.095624 122.4615
-25 550 24 5 -2.929509 122
-15 550 24 5 -2.751872 122
-45 650 24 5 -3.045672 123
-35 650 24 5 -3.14257 122.3636
-25 650 24 5 -3.139286 122
-15 650 24 5 -3.096641 122
-45 750 24 5 -3.031331 123
-35 750 24 5 -3.18635 122.3611
-25 750 24 5 -3.274607 122
-15 750 24 5 -3.320216 122
-45 850 24 5 -3.028619 123
-35 850 24 5 -3.544583 122.3714
-25 850 24 5 -3.453384 122
-15 850 24 5 -3.37462 122
-45 950 24 5 -3.19979 123
-35 950 24 5 -3.712693 122.5278
-25 950 24 5 -3.516177 122
-15 950 24 5 -3.373634 122
-65 350 21 6 -2.839415 225
-55 350 21 6 -2.278005 224.7868
-45 350 21 6 -2.087688 224
-65 450 21 6 -3.034672 225
-55 450 21 6 -2.677732 224.875
-45 450 21 6 -2.381094 224
-65 550 21 6 -3.125779 225
-55 550 21 6 -2.926424 224.8427
-45 550 21 6 -2.619846 224
-65 650 21 6 -3.1426 225
-55 650 21 6 -3.054978 224.8642
-45 650 21 6 -2.919384 224
-65 750 21 6 -3.203244 225
-55 750 21 6 -3.170028 224.8571
-45 750 21 6 -3.069468 224
-65 850 21 6 -3.310623 225
-55 850 21 6 -3.187426 224.8451
-45 850 21 6 -3.058951 224
-65 950 21 6 -3.427063 225
-55 950 21 6 -3.107209 224.9554
-45 950 21 6 -2.432851 224
-65 350 22 6 -3.617399 40.60504
-55 350 22 6 -3.393722 40.18254
-45 350 22 6 -3.333094 40
-65 450 22 6 -3.823368 40.63107
-55 450 22 6 -3.661723 40.52439
-45 450 22 6 -3.256375 40
-65 550 22 6 -4.108229 40.65476
-55 550 22 6 -3.875207 40.52857
-45 550 22 6 -3.355393 40
-65 650 22 6 -4.407835 40.67143
-55 650 22 6 -3.997034 40.59375
-45 650 22 6 -3.390084 40
-65 750 22 6 -4.708236 40.66129
-55 750 22 6 -4.269256 40.54
-65 850 22 6 -4.853379 40.65
-55 850 22 6 -4.545344 40.48649
-65 950 22 6 -5.061276 40.56604
-55 950 22 6 -4.546585 40.53623
-65 350 23 6 -2.664474 283.5024
-55 350 23 6 -2.633048 283.3908
-45 350 23 6 -2.803043 283
-65 450 23 6 -2.776042 283.4872
-55 450 23 6 -2.688558 283.4609
-45 450 23 6 -2.592494 283
-65 550 23 6 -2.973942 283.4792
-55 550 23 6 -2.825269 283.6
-45 550 23 6 -2.497926 283
-65 650 23 6 -3.186587 283.425
-55 650 23 6 -2.755787 283.3158
-45 650 23 6 -2.522158 283
-65 750 23 6 -3.345946 283.4545
-55 750 23 6 -2.906307 283.3673
-45 750 23 6 -2.761001 283
-65 850 23 6 -3.569976 283.4865
-55 850 23 6 -3.204162 283.5747
-45 850 23 6 -3.082849 283
-65 950 23 6 -4.287829 283.4028
-55 950 23 6 -3.920995 283.3037
-45 950 23 6 -3.4231 283
-65 350 24 6 -3.1502 126
-55 350 24 6 -3.001339 125.4277
-45 350 24 6 -3.280619 125
-65 450 24 6 -3.293204 126
-55 450 24 6 -3.171395 125.4375
-45 450 24 6 -3.425817 125
-65 550 24 6 -3.394491 126
-55 550 24 6 -3.284891 125.5054
-45 550 24 6 -3.533654 125
-65 650 24 6 -3.469862 126
-55 650 24 6 -3.335819 125.6
-45 650 24 6 -3.659142 125
-65 750 24 6 -3.581278 126
-55 750 24 6 -3.415767 125.5921
-45 750 24 6 -3.787328 125
-65 850 24 6 -3.764374 126
-55 850 24 6 -3.555171 125.5714
-45 850 24 6 -3.93979 125
-65 950 24 6 -3.848452 126
-55 950 24 6 -3.687429 125.5111
-45 950 24 6 -3.855152 125
-55 350 21 7 -2.521175 227
-45 350 21 7 -2.547325 227
-35 350 21 7 -1.5679 227
-25 350 21 7 -1.350211 227
-15 350 21 7 -1.676297 227
-5 350 21 7 -1.598305 227
-55 450 21 7 -2.732621 227
-45 450 21 7 -2.781393 227
-35 450 21 7 -1.688647 227
-25 450 21 7 -1.281388 227
-15 450 21 7 -1.244505 227
-5 450 21 7 -1.306643 227
-55 550 21 7 -2.892538 227
-45 550 21 7 -2.925232 227
-35 550 21 7 -2.099814 227
-25 550 21 7 -1.448857 227
-15 550 21 7 -1.208379 227
-5 550 21 7 -1.334492 227
-55 650 21 7 -2.946072 227
-45 650 21 7 -2.957532 227
-35 650 21 7 -2.743842 227
-25 650 21 7 -1.69151 227
-15 650 21 7 -1.160528 227
-5 650 21 7 -1.183392 227
-55 750 21 7 -2.994089 227
-45 750 21 7 -3.04612 227
-35 750 21 7 -3.227981 227
-25 750 21 7 -1.939528 227
-15 750 21 7 -1.147645 227
-55 850 21 7 -3.01834 227
-45 850 21 7 -3.117675 227
-35 850 21 7 -3.569174 227
-25 850 21 7 -2.405035 227
-15 850 21 7 -1.519645 227
-55 950 21 7 -3.024346 227
-45 950 21 7 -3.171208 227
-35 950 21 7 -3.983887 227
-25 950 21 7 -2.263553 227
-15 950 21 7 -1.609603 227
-55 350 22 7 -3.21794 43
-45 350 22 7 -3.223814 43
-35 350 22 7 -3.420922 43
-25 350 22 7 -3.239294 43
-15 350 22 7 -2.478918 43
-5 350 22 7 -0.3109508 43
-55 450 22 7 -3.398787 43
-45 450 22 7 -3.220053 43
-35 450 22 7 -2.954626 43
-25 450 22 7 -4.824458 43
-15 450 22 7 -4.823871 43
-5 450 22 7 0.04354552 43
-55 550 22 7 -3.580252 43
-45 550 22 7 -3.323624 43
-35 550 22 7 -2.829209 43
-25 550 22 7 -4.986233 43
-15 550 22 7 -5.393104 43
-5 550 22 7 1.054392 43
-55 650 22 7 -3.728656 43
-45 650 22 7 -3.519447 43
-35 650 22 7 -2.964774 43
-25 650 22 7 -3.522386 43
-15 650 22 7 -3.428315 43
-5 650 22 7 2.310678 43
-55 750 22 7 -3.966555 43
-45 750 22 7 -3.676206 43
-35 750 22 7 -3.169569 43
-25 750 22 7 -3.201859 43
-15 750 22 7 -3.157022 43
-5 750 22 7 2.621134 43
-55 850 22 7 -4.192284 43
-45 850 22 7 -3.765374 43
-35 850 22 7 -3.403105 43
-15 850 22 7 -3.461184 43
-5 850 22 7 -0.426561 43
-55 950 22 7 -4.027055 43
-45 950 22 7 -4.062824 43
-35 950 22 7 -3.695606 43
-15 950 22 7 -3.500621 43
-5 950 22 7 -2.620243 43
-65 350 23 7 -2.96799 286
-55 350 23 7 -2.804119 286
-65 450 23 7 -3.061351 286
-55 450 23 7 -2.883582 286
-65 550 23 7 -3.130967 286
-55 550 23 7 -3.06629 286
-65 650 23 7 -3.164539 286
-55 650 23 7 -3.199068 286
-65 750 23 7 -3.211831 286
-55 750 23 7 -3.298836 286
-65 850 23 7 -3.274529 286
-55 850 23 7 -3.52612 286
-65 950 23 7 -3.296453 286
-55 950 23 7 -3.5514 286
-65 350 24 7 -3.325794 128
-55 350 24 7 -3.066199 128
-65 450 24 7 -3.556025 128
-55 450 24 7 -3.332198 128
-65 550 24 7 -3.601538 128
-55 550 24 7 -3.399503 128
-65 650 24 7 -3.587758 128
-55 650 24 7 -3.40898 128
-65 750 24 7 -3.721889 128
-55 750 24 7 -3.338902 128
-65 850 24 7 -3.876902 128
-55 850 24 7 -3.182371 128
-65 950 24 7 -4.277097 128
-55 950 24 7 -3.201143 128
-5 350 21 8 -2.049782 229
5 350 21 8 -3.272925 229
15 350 21 8 -3.821043 229
25 350 21 8 -3.192588 229
35 350 21 8 -2.6931 229
-5 450 21 8 -1.630463 229
5 450 21 8 -3.097008 229
15 450 21 8 -4.087188 229
25 450 21 8 -3.146019 229
35 450 21 8 -2.79842 229
-5 550 21 8 -1.379121 229
5 550 21 8 -2.798949 229
15 550 21 8 -3.955801 229
25 550 21 8 -3.183278 229
35 550 21 8 -2.990644 229
-5 650 21 8 -0.9331218 229
5 650 21 8 -2.426605 229
15 650 21 8 -4.345389 229
25 650 21 8 -3.522816 229
35 650 21 8 -3.606357 229
-5 750 21 8 0.6711716 229
5 750 21 8 -2.279806 229
15 750 21 8 -4.51721 229
25 750 21 8 -4.16722 229
35 750 21 8 -4.150413 229
-5 850 21 8 -0.2872188 229
5 850 21 8 -1.321105 229
15 850 21 8 -3.649082 229
25 850 21 8 -3.543404 229
35 850 21 8 -4.793625 229
-5 950 21 8 -1.337868 229
5 950 21 8 -0.884876 229
15 950 21 8 -2.993002 229
25 950 21 8 -4.797389 229
35 950 21 8 -5.352452 229
-5 350 22 8 -1.568176 45
5 350 22 8 0.2186009 45
15 350 22 8 -0.2403827 45
25 350 22 8 0.15572 45
35 350 22 8 0.3018894 45
-5 450 22 8 1.123351 45
5 450 22 8 0.8748923 45
15 450 22 8 0.4300791 45
25 450 22 8 0.5770263 45
35 450 22 8 0.6062069 45
-5 550 22 8 1.244452 45
5 550 22 8 1.42844 45
15 550 22 8 0.6371495 45
25 550 22 8 0.8794647 45
35 550 22 8 0.8563416 45
-5 650 22 8 2.163712 45
5 650 22 8 2.599949 45
15 650 22 8 0.517111 45
25 650 22 8 1.033067 45
35 650 22 8 1.703307 45
-5 750 22 8 3.579502 45
5 750 22 8 4.116074 45
15 750 22 8 0.8432757 45
25 750 22 8 1.429757 45
35 750 22 8 3.164752 45
-5 850 22 8 1.693457 45
5 850 22 8 4.648232 45
15 850 22 8 2.416306 45
25 850 22 8 2.487195 45
35 850 22 8 4.118091 45
-5 950 22 8 -1.02081 45
5 950 22 8 4.100117 45
15 950 22 8 3.277163 45
25 950 22 8 3.001912 45
35 950 22 8 4.444501 45
-55 350 23 8 -2.815614 289
-45 350 23 8 -2.928268 289
-35 350 23 8 -2.966525 289
-25 350 23 8 -3.183212 289
-15 350 23 8 -3.377598 289
-5 350 23 8 -3.008029 289
-55 450 23 8 -2.953947 289
-45 450 23 8 -2.899495 289
-35 450 23 8 -2.926949 289
-25 450 23 8 -3.072564 289
-15 450 23 8 -3.208572 289
-5 450 23 8 -0.5087065 289
-45 550 23 8 -2.936751 289
-35 550 23 8 -2.850292 289
-25 550 23 8 -2.910118 289
-15 550 23 8 -2.670509 289
-5 550 23 8 -0.1262413 289
-45 650 23 8 -3.048997 289
-35 650 23 8 -2.858427 289
-25 650 23 8 -2.739344 289
-15 650 23 8 -1.950908 289
-5 650 23 8 0.1919896 289
-45 750 23 8 -2.96127 289
-35 750 23 8 -2.914427 289
-25 750 23 8 -2.357005 289
-15 750 23 8 -1.279051 289
-5 750 23 8 1.063744 289
-45 850 23 8 -2.775056 289
-35 850 23 8 -2.87878 289
-25 850 23 8 -2.09068 289
-15 850 23 8 -2.385749 289
-5 850 23 8 0.3382043 289
-45 950 23 8 -2.065192 289
-35 950 23 8 -2.984548 289
-25 950 23 8 -2.122178 289
-15 950 23 8 -2.487599 289
-5 950 23 8 -1.44017 289
-55 350 24 8 -3.229913 131
-45 350 24 8 -3.107117 131
-35 350 24 8 -2.364386 131
-25 350 24 8 -1.693202 131
-15 350 24 8 -1.248963 131
-5 350 24 8 -0.6273504 131
-55 450 24 8 -3.360656 131
-45 450 24 8 -3.217055 131
-35 450 24 8 -2.712211 131
-25 450 24 8 -2.022685 131
-15 450 24 8 -1.610606 131
-5 450 24 8 -1.370527 131
-55 550 24 8 -3.384548 131
-45 550 24 8 -3.255262 131
-35 550 24 8 -3.111279 131
-25 550 24 8 -2.285377 131
-15 550 24 8 -2.31714 131
-5 550 24 8 -2.100445 131
-55 650 24 8 -3.425383 131
-45 650 24 8 -3.219405 131
-35 650 24 8 -3.309163 131
-25 650 24 8 -2.737886 131
-15 650 24 8 -2.642213 131
-5 650 24 8 -2.315124 131
-55 750 24 8 -3.452811 131
-45 750 24 8 -3.149017 131
-35 750 24 8 -3.138038 131
-25 750 24 8 -3.123218 131
-15 750 24 8 -2.794729 131
-5 750 24 8 -2.259367 131
-55 850 24 8 -3.365245 131
-45 850 24 8 -3.327977 131
-35 850 24 8 -2.679449 131
-25 850 24 8 -3.370187 131
-15 850 24 8 -3.03908 131
-55 950 24 8 -3.365436 131
-45 950 24 8 -3.37737 131
-35 950 24 8 -2.468923 131
-25 950 24 8 -3.442218 131
-15 950 24 8 -3.129103 131
45 350 21 9 -3.071683 232
55 350 21 9 -5.674906 232
65 350 21 9 -5.111335 232
75 350 21 9 -6.656334 232
35 450 21 9 -3.144116 232
45 450 21 9 -3.932013 232
55 450 21 9 -6.522581 232
65 450 21 9 -6.573811 232
75 450 21 9 -7.58828 232
35 550 21 9 -3.739051 232
45 550 21 9 -5.368132 232
65 550 21 9 -7.309014 232
75 550 21 9 -7.921443 232
35 650 21 9 -5.649261 232
45 650 21 9 -6.521639 232
65 650 21 9 -8.21325 232
75 650 21 9 -8.697372 232
45 750 21 9 -6.662421 232
65 750 21 9 -9.261547 232
75 750 21 9 -8.829617 232
45 850 21 9 -6.884725 232
65 850 21 9 -9.1406 232
75 850 21 9 -10.02184 232
45 950 21 9 -6.05418 232
75 950 21 9 -11.67025 232
35 350 22 9 0.8051924 48
45 350 22 9 0.8723934 48
55 350 22 9 2.3429 48
65 350 22 9 2.808458 48
75 350 22 9 2.297673 48
35 450 22 9 0.8444255 48
45 450 22 9 1.156411 48
55 450 22 9 2.500039 48
65 450 22 9 3.258844 48
75 450 22 9 3.522722 48
35 550 22 9 1.015266 48
45 550 22 9 1.186975 48
55 550 22 9 2.968736 48
65 550 22 9 3.941285 48
75 550 22 9 3.787603 48
35 650 22 9 1.653877 48
45 650 22 9 1.59226 48
55 650 22 9 3.312028 48
65 650 22 9 4.400283 48
75 650 22 9 4.158573 48
35 750 22 9 2.711509 48
45 750 22 9 2.253691 48
55 750 22 9 3.810949 48
65 750 22 9 4.929272 48
75 750 22 9 4.409223 48
35 850 22 9 3.756977 48
45 850 22 9 3.202985 48
55 850 22 9 4.501528 48
65 850 22 9 5.576527 48
75 850 22 9 5.015847 48
35 950 22 9 4.58586 48
45 950 22 9 4.465706 48
55 950 22 9 5.112622 48
65 950 22 9 5.79137 48
75 950 22 9 4.859976 48
-5 350 23 9 -4.072452 291
5 350 23 9 -4.980978 291
15 350 23 9 -6.049685 291
-5 450 23 9 -2.806354 291
5 450 23 9 -4.794289 291
15 450 23 9 -6.064074 291
-5 550 23 9 -0.9558016 291
5 550 23 9 -4.923325 291
15 550 23 9 -7.049146 291
-5 650 23 9 1.448816 291
5 650 23 9 -4.078336 291
15 650 23 9 -7.426417 291
-5 750 23 9 0.1178015 291
5 750 23 9 -6.458641 291
15 750 23 9 -8.040279 291
-5 850 23 9 -1.407695 291
5 850 23 9 -6.599141 291
15 850 23 9 -7.070341 291
-5 950 23 9 -1.035095 291
5 950 23 9 -8.059233 291
15 950 23 9 -4.292389 291
-5 350 24 9 -0.4630175 133
5 350 24 9 0.3025915 133
15 350 24 9 1.028255 133
25 350 24 9 1.937798 133
35 350 24 9 2.669445 133
-5 450 24 9 -1.141932 133
5 450 24 9 0.7150682 133
15 450 24 9 1.725756 133
25 450 24 9 2.093359 133
35 450 24 9 2.96384 133
-5 550 24 9 -1.501519 133
5 550 24 9 0.5834037 133
15 550 24 9 2.099595 133
25 550 24 9 2.455536 133
35 550 24 9 3.427442 133
-5 650 24 9 -2.138356 133
5 650 24 9 0.3544706 133
15 650 24 9 2.738209 133
25 650 24 9 2.959243 133
35 650 24 9 4.322938 133
-5 750 24 9 -2.170328 133
5 750 24 9 1.112797 133
15 750 24 9 4.327782 133
25 750 24 9 3.609844 133
35 750 24 9 4.916849 133
-5 850 24 9 -2.034068 133
5 850 24 9 1.662542 133
15 850 24 9 4.911681 133
25 850 24 9 4.226885 133
-5 950 24 9 -2.176657 133
5 950 24 9 2.238303 133
15 950 24 9 4.34032 133
25 950 24 9 4.434387 133
65 350 22 10 0.08055554 49
75 350 22 10 2.068513 49
65 450 22 10 2.267245 49
75 450 22 10 3.450682 49
65 550 22 10 3.349351 49
75 550 22 10 4.255075 49
65 650 22 10 4.137537 49
75 650 22 10 4.89579 49
65 750 22 10 5.259663 49
75 750 22 10 5.63482 49
65 850 22 10 6.097565 49
75 850 22 10 6.084079 49
65 950 22 10 6.5617 49
75 950 22 10 7.010962 49
15 350 23 10 -5.771207 292
25 350 23 10 -5.520239 292
35 350 23 10 -4.312462 292
5 450 23 10 -7.277238 292
15 450 23 10 -5.785202 292
25 450 23 10 -4.787695 292
35 450 23 10 -4.065871 292
5 550 23 10 -7.946788 292
15 550 23 10 -6.081316 292
25 550 23 10 -3.90784 292
35 550 23 10 -3.737672 292
5 650 23 10 -8.038254 292
15 650 23 10 -6.269112 292
25 650 23 10 -3.660601 292
35 650 23 10 -3.388509 292
5 750 23 10 -7.612634 292
15 750 23 10 -6.133783 292
25 750 23 10 -3.359686 292
35 750 23 10 -3.116216 292
5 850 23 10 -8.83621 292
15 850 23 10 -6.022777 292
25 850 23 10 -2.481416 292
35 850 23 10 -2.145626 292
5 950 23 10 -7.853791 292
15 950 23 10 -2.998256 292
25 950 23 10 -1.885307 292
35 950 23 10 -1.683659 292
45 350 24 10 3.90163 136
55 350 24 10 4.128829 136
65 350 24 10 4.112987 136
35 450 24 10 4.043032 136
45 450 24 10 4.042092 136
55 450 24 10 4.231741 136
65 450 24 10 4.712417 136
35 550 24 10 4.073423 136
45 550 24 10 4.280261 136
55 550 24 10 4.475437 136
65 550 24 10 4.910462 136
35 650 24 10 4.164945 136
45 650 24 10 4.430008 136
55 650 24 10 4.587837 136
65 650 24 10 4.956539 136
35 750 24 10 4.308128 136
45 750 24 10 4.556294 136
55 750 24 10 4.65853 136
65 750 24 10 5.08412 136
35 850 24 10 4.497609 136
45 850 24 10 4.463324 136
55 850 24 10 4.821674 136
65 850 24 10 5.244512 136
45 950 24 10 4.127064 136
55 950 24 10 5.029177 136
65 950 24 10 5.463702 136
35 350 22 11 0.3704573 51
45 350 22 11 2.223337 51
55 350 22 11 2.929917 51
65 350 22 11 3.196862 51
35 450 22 11 1.361129 51
45 450 22 11 3.015309 51
55 450 22 11 3.634272 51
65 450 22 11 3.539347 51
35 550 22 11 2.366842 51
45 550 22 11 3.768321 51
55 550 22 11 4.087758 51
65 550 22 11 3.893453 51
35 650 22 11 2.989043 51
45 650 22 11 4.285586 51
55 650 22 11 4.434826 51
65 650 22 11 3.787471 51
35 750 22 11 3.100783 51
45 750 22 11 4.762939 51
55 750 22 11 4.724949 51
65 750 22 11 4.274669 51
35 850 22 11 3.035514 51
45 850 22 11 5.248063 51
55 850 22 11 5.120155 51
65 850 22 11 4.937208 51
45 950 22 11 5.609405 51
55 950 22 11 5.472198 51
45 350 23 11 -4.063621 295
55 350 23 11 -3.106437 295
65 350 23 11 -3.287355 295
35 450 23 11 -4.261423 295
45 450 23 11 -3.92078 295
55 450 23 11 -2.640217 295
65 450 23 11 -2.696394 295
35 550 23 11 -3.975507 295
45 550 23 11 -3.375981 295
55 550 23 11 -2.162415 295
65 550 23 11 -1.815581 295
35 650 23 11 -3.413645 295
45 650 23 11 -2.881142 295
55 650 23 11 -1.612752 295
65 650 23 11 -1.748074 295
35 750 23 11 -2.801003 295
45 750 23 11 -2.017281 295
55 750 23 11 -1.431581 295
65 750 23 11 -1.867645 295
35 850 23 11 -2.463832 295
45 850 23 11 -1.112208 295
55 850 23 11 -0.9863791 295
65 850 23 11 -1.105214 295
35 950 23 11 -2.370578 295
45 950 23 11 -1.018684 295
55 950 23 11 -0.9070581 295
65 950 23 11 -0.7804527 295
45 350 24 11 3.497899 137
65 350 24 11 4.287573 137
45 450 24 11 3.741217 137
65 450 24 11 4.74152 137
45 550 24 11 4.109539 137
65 550 24 11 4.965938 137
45 650 24 11 4.558914 137
65 650 24 11 5.082081 137
45 750 24 11 5.005604 137
65 750 24 11 5.417859 137
45 850 24 11 5.146328 137
65 850 24 11 5.699701 137
45 950 24 11 5.469656 137
65 950 24 11 5.882136 137
45 350 23 12 -3.437996 297
55 350 23 12 -3.281202 297
65 350 23 12 -3.273246 297
75 350 23 12 -3.09761 297
45 450 23 12 -3.386367 297
55 450 23 12 -2.803947 297
65 450 23 12 -2.805393 297
75 450 23 12 -2.754286 297
45 550 23 12 -3.131108 297
55 550 23 12 -2.28844 297
65 550 23 12 -2.678871 297
75 550 23 12 -2.77396 297
45 650 23 12 -2.692939 297
55 650 23 12 -1.34793 297
65 650 23 12 -2.82351 297
75 650 23 12 -2.950184 297
45 750 23 12 -2.265951 297
55 750 23 12 0.1437412 297
65 750 23 12 -2.633919 297
75 750 23 12 -2.964609 297
55 850 23 12 2.074538 297
65 850 23 12 -1.951986 297
75 850 23 12 -2.60146 297
55 950 23 12 6.302587 297
65 950 23 12 -2.789664 297
75 950 23 12 -2.82155 297
45 350 24 12 3.96037 138
55 350 24 12 3.976914 138
65 350 24 12 4.095644 138.1633
75 350 24 12 3.902188 138
45 450 24 12 4.108865 138
65 450 24 12 4.825259 138.1897
75 450 24 12 4.707585 138
45 550 24 12 4.31148 138
65 550 24 12 5.202742 138.1719
75 550 24 12 5.075283 138
45 650 24 12 4.508797 138
65 650 24 12 5.755141 138.5147
75 650 24 12 5.468478 138
45 750 24 12 4.61003 138
65 750 24 12 5.973185 138.325
75 750 24 12 5.690863 138
65 850 24 12 6.334983 138.4444
75 850 24 12 5.800917 138
65 950 24 12 6.286287 138.1932
75 950 24 12 5.884121 138
35 350 23 13 -3.104356 299.5392
45 350 23 13 -3.662989 299
55 350 23 13 -3.557465 299
65 350 23 13 -3.572966 299
35 450 23 13 -3.280571 299.1087
45 450 23 13 -3.319373 299
55 450 23 13 -3.273513 299
65 450 23 13 -3.079789 299
35 550 23 13 -3.408363 299
45 550 23 13 -2.913058 299
55 550 23 13 -2.867042 299
65 550 23 13 -2.357496 299
35 650 23 13 -3.239456 299
45 650 23 13 -2.547109 299
55 650 23 13 -2.42722 299
65 650 23 13 -1.906112 299
35 750 23 13 -2.849796 299
45 750 23 13 -2.351382 299
55 750 23 13 -1.966398 299
65 750 23 13 -1.645429 299
35 850 23 13 -2.171309 299
45 850 23 13 -1.952539 299
55 850 23 13 -1.577699 299
65 850 23 13 -1.577408 299
35 950 23 13 -0.2456848 299
45 950 23 13 0.00163443 299
55 950 23 13 -1.032386 299
35 350 24 13 3.290642 140
45 350 24 13 3.086733 140
55 350 24 13 3.92666 140
65 350 24 13 3.894117 140
35 450 24 13 3.687648 140
45 450 24 13 3.392609 140
55 450 24 13 4.620618 140
65 450 24 13 4.71412 140
35 550 24 13 3.986878 140
45 550 24 13 3.748797 140
55 550 24 13 5.340899 140
65 550 24 13 5.601006 140
35 650 24 13 4.172059 140
45 650 24 13 4.331905 140
55 650 24 13 6.336298 140
65 650 24 13 6.439002 140
35 750 24 13 3.759053 140
45 750 24 13 5.342269 140
55 750 24 13 7.268507 140
65 750 24 13 7.06771 140
35 850 24 13 3.19699 140
45 850 24 13 6.609391 140
55 850 24 13 7.609345 140
35 950 24 13 3.278062 140
45 950 24 13 7.255794 140
55 950 24 13 7.582232 140
