-65 -55 -45 -35 -25 -15 -5 5 15 25 35 45 55 65 75
350 450 550 650 750 850 950
-2.881807 -3.09492 -3.270092 -3.420806 -3.572415 -3.683221 -3.765009
-2.617121 -2.875096 -3.013493 -3.168256 -3.31786 -3.462095 -3.618728
-2.535634 -2.58459 -2.658472 -2.756159 -2.83285 -3.045609 -3.493102
-2.270042 -2.365204 -2.370313 -2.396712 -2.460467 -2.567239 -3.011664
-2.141762 -2.390738 -2.409187 -2.330653 -2.313602 -2.553364 -2.928904
-1.884658 -2.055951 -2.147469 -2.003558 -2.043698 -2.323406 -2.489999
-1.664042 -1.657101 -1.297157 -0.9403891 -1.083837 -1.456676 -1.835388
-1.122879 -1.152001 -1.058432 -0.9265191 -0.7667919 -0.5991173 -0.3644466
-0.7895424 -0.6704998 -0.6242318 -0.678755 -0.3627427 0.1967635 0.881528
-0.4389234 -0.2552799 -0.0006641973 0.3518401 0.7264281 1.141363 1.571874
-0.07736067 0.1965703 0.5077734 0.7094274 1.092831 1.106723 1.213905
0.4198444 0.7459999 0.9777048 1.183592 1.484902 1.568566 2.107826
0.4137515 0.9376886 1.485878 1.939085 2.358517 2.799143 3.448525
0.28307 0.67243 0.9281416 1.054354 1.441242 1.375333 3.778795
-0.2259106 0.3818966 0.5432947 0.6103623 0.7836575 0.8953834 1.445289
