-65 -55 -45 -35 -25 -15 -5 5 15 25 35 45 55 65 75
350 450 550 650 750 850 950
1.328045 1.42132 1.548687 1.616617 1.70261 1.684349 1.770873
1.356107 1.365338 1.471541 1.681978 1.804686 1.787232 1.449596
1.325374 1.303704 1.261195 1.097637 1.214455 1.016308 1.855036
1.509026 1.388616 1.319601 1.137729 0.9782725 1.288635 2.47205
1.934975 2.123561 1.831501 1.369032 1.684308 1.243868 0.9572838
1.573906 1.699893 1.586906 0.9627279 0.9554851 0.8610457 1.110326
2.007812 0.8791607 0.848634 1.950143 2.120441 0.9823588 0.5297028
3.05061 3.131995 3.244112 3.306334 4.038404 4.047372 4.056798
4.812319 5.34174 5.218133 5.313824 5.633339 6.155251 7.786623
5.59387 6.474474 6.641219 7.080877 7.75302 8.506037 10.52094
6.806468 7.472498 8.042904 8.964092 9.292582 9.206688 9.059158
7.822538 8.581247 9.132989 9.630894 10.0746 10.68488 9.693747
8.864169 9.34528 9.067054 8.82858 8.197014 7.768535 7.005268
9.585122 11.08805 12.12551 12.36709 11.95893 13.30703 9.323781
9.77447 11.38951 12.06154 12.98812 13.55973 13.79212 14.28862
