-65 -55 -45 -35 -25 -15 -5 5 15 25 35 45 55 65 75
350 450 550 650 750 850 950
-3.079254 -3.319326 -3.486425 -3.611528 -3.746793 -3.860189 -3.968549
-2.765269 -3.068998 -3.213754 -3.392828 -3.565431 -3.729071 -3.817687
-2.592214 -2.71397 -2.810798 -2.951461 -3.122598 -3.279018 -3.604554
-2.274429 -2.364434 -2.548955 -2.737163 -2.933648 -3.114504 -3.439455
-2.073531 -2.396295 -2.383158 -2.210333 -2.240347 -2.409804 -2.698842
-1.608993 -1.897695 -1.984263 -1.746859 -1.737258 -2.060184 -2.268536
-1.385284 -1.237126 -0.8307435 -0.4136629 -0.1419 -0.4955511 -1.315868
-1.030035 -1.011387 -0.9294068 -0.6007019 -0.4638238 -0.2727096 -0.1092474
-0.7987979 -0.734518 -0.7145845 -0.7249133 -0.5977166 -0.226157 0.260929
-0.4762988 -0.3298715 -0.18708 0.05507335 0.1780359 0.3465535 0.6437027
-0.1116336 0.07274405 0.2435055 0.2774194 0.5400948 0.5762567 0.5937729
0.3367556 0.5313005 0.6492012 0.7680432 0.9456145 0.8299429 0.9651133
0.1684602 0.4967231 1.014594 1.354515 1.702632 1.932118 2.129483
0.01439017 0.1875713 0.259498 0.2222125 0.5224803 0.2657298 2.340063
-0.8131511 -0.3432615 -0.2257733 -0.1848749 -0.2002432 -0.1191621 0.1376297
