-65 -55 -45 -35 -25 -15 -5 5 15 25 35 45 55 65 75
350 450 550 650 750 850 950
1.098595 1.212814 1.459309 1.686408 1.87649 1.997559 2.215513
1.05383 1.113037 1.17757 1.435903 1.706644 1.875358 1.851301
1.006021 0.9384158 0.8684604 0.8111786 0.7819038 0.6436156 1.241004
1.477324 1.056733 0.8587687 0.9008625 0.7445199 0.5606514 0.1771622
1.684371 2.275261 1.635285 0.8450373 1.00222 0.9100806 0.5257465
1.017523 1.561786 1.551239 0.7092547 0.9782801 0.4807621 0.6405898
1.44283 1.102753 2.205668 3.169813 2.366562 0.6751714 0.6733195
2.593245 2.832988 3.277912 3.660442 4.118053 4.101706 4.251615
4.120927 4.746979 4.694789 4.753931 5.500015 6.380977 7.537355
4.923224 5.596793 5.809595 6.299278 7.048352 8.211526 9.906987
6.16654 6.852654 7.420947 8.480408 9.094607 9.371602 9.370381
6.987696 7.562045 8.29923 8.99886 9.672404 10.78986 10.39116
7.92723 8.652508 8.495994 8.639802 8.406397 8.631625 8.748349
9.486007 11.10239 12.33276 13.34246 13.3113 15.08002 9.943725
9.822817 11.29582 12.31057 13.77801 14.86508 15.95374 17.24438
