-65 -55 -45 -35 -25 -15 -5 5 15 25 35 45 55 65 75
350 450 550 650 750 850 950
-3.634553 -3.895002 -4.056444 -4.150021 -4.246093 -4.331602 -4.471412
-3.297704 -3.58695 -3.749868 -3.905622 -4.046193 -4.188197 -4.176794
-3.173436 -3.31744 -3.461852 -3.583401 -3.779353 -3.902391 -4.120559
-2.741515 -2.927651 -3.14178 -3.406378 -3.657092 -3.886652 -4.116275
-2.606725 -2.992411 -3.098837 -2.859797 -2.930611 -3.295234 -3.631145
-2.166596 -2.394599 -2.49675 -2.254609 -2.193126 -2.490452 -2.762592
-1.692545 -1.261525 -0.994688 -0.3900494 -0.162477 -0.8247101 -1.688868
-1.28885 -1.423395 -1.329882 -0.999004 -0.8365064 -0.6640655 -0.5092192
-1.286775 -1.212161 -1.206908 -1.124525 -0.8110663 -0.24809 0.4290246
-0.8932841 -0.7666881 -0.6275673 -0.3794391 -0.1647671 0.3878042 0.8355716
-0.6215937 -0.4834237 -0.2929135 -0.1730301 0.3281773 0.568979 0.7768739
-0.3603729 -0.1430203 0.1054099 0.3741324 0.7132585 0.9900227 1.274249
-0.4677325 -0.01660087 0.5423428 0.9691801 1.364088 1.693852 2.018185
-0.7119171 -0.3374091 0.04508963 0.1525825 0.5313165 0.510763 1.85893
-1.380818 -0.7195862 -0.4704194 -0.3246985 -0.1104755 -0.001582457 0.02249157
