lat prs camp flt x yday
5 350 21 1 -0.1805603 210
15 350 21 1 -0.5444546 210
25 350 21 1 -0.3874924 210
35 350 21 1 -0.4613829 210
5 450 21 1 -0.2698333 210
15 450 21 1 -0.4514271 210
25 450 21 1 -0.2046621 210
5 550 21 1 -0.2796841 210
15 550 21 1 -0.4499663 210
25 550 21 1 -0.2031803 210
5 650 21 1 -0.2634769 210
15 650 21 1 -0.44212 210
25 650 21 1 -0.2965599 210
5 750 21 1 -0.3112628 210
15 750 21 1 -0.4145755 210
5 850 21 1 -0.2801829 210
15 850 21 1 -0.4163678 210
25 850 21 1 -0.2732832 210
5 950 21 1 -0.3834083 210
15 950 21 1 -0.5495558 210
25 950 21 1 -0.6691361 210
5 350 22 1 -1.225439 25
15 350 22 1 -0.8295407 25.64151
25 350 22 1 0.2342913 25.73333
35 350 22 1 0.4604672 25.14894
5 450 22 1 -1.200122 25
15 450 22 1 -0.9059609 25.5
25 450 22 1 -0.0675043 26
35 450 22 1 1.192627 26
5 550 22 1 -1.083614 25
15 550 22 1 -0.799431 25.51852
25 550 22 1 0.6805042 26
35 550 22 1 2.333662 26
5 650 22 1 -0.4001583 25
15 650 22 1 -0.132962 25.5
25 650 22 1 1.784586 26
35 650 22 1 3.119671 26
5 750 22 1 -0.1716821 25
15 750 22 1 0.7797073 25.71429
25 750 22 1 2.7226 26
35 750 22 1 3.657082 26
5 850 22 1 0.3325593 25
15 850 22 1 2.143125 26
25 850 22 1 3.572718 26
35 850 22 1 4.318022 26
5 950 22 1 0.509667 25
15 950 22 1 2.568017 26
25 950 22 1 4.342587 26
-5 350 23 1 -3.52772 270
5 350 23 1 -3.441403 270
15 350 23 1 -3.809838 270
25 350 23 1 -3.867551 270
35 350 23 1 -4.849616 270.2581
-5 450 23 1 -3.468666 270
5 450 23 1 -3.465928 270
15 450 23 1 -4.276596 270
25 450 23 1 -4.632403 270
35 450 23 1 -5.198265 270.4923
-5 550 23 1 -3.243771 270
5 550 23 1 -3.395054 270
15 550 23 1 -4.402215 270
25 550 23 1 -5.069915 270
35 550 23 1 -5.525465 270.4688
5 650 23 1 -3.077387 270
15 650 23 1 -4.255201 270
25 650 23 1 -5.074007 270
35 650 23 1 -5.34184 270.4324
5 750 23 1 -2.936187 270
15 750 23 1 -4.183116 270
25 750 23 1 -4.872147 270
35 750 23 1 -3.044274 270.6154
5 850 23 1 -2.73685 270
15 850 23 1 -4.175048 270
25 850 23 1 -4.350317 270
35 850 23 1 -2.052231 270.66
5 950 23 1 -2.430964 270
15 950 23 1 -4.269421 270
25 950 23 1 -3.913866 270
35 950 23 1 -1.204054 270.9
5 350 24 1 0.8407575 113
15 350 24 1 1.597075 113
25 350 24 1 1.137902 113
35 350 24 1 1.721181 113
5 450 24 1 0.7471519 113
15 450 24 1 1.665086 113
25 450 24 1 1.783864 113
35 450 24 1 2.225129 113
5 550 24 1 0.7486072 113
15 550 24 1 1.857836 113
25 550 24 1 1.795665 113
35 550 24 1 2.967376 113.3462
5 650 24 1 1.304309 113
15 650 24 1 1.948242 113
25 650 24 1 1.975687 113
35 650 24 1 3.209758 113.4667
5 750 24 1 1.849473 113
15 750 24 1 2.12265 113
25 750 24 1 2.311481 113
5 850 24 1 1.293271 113
15 850 24 1 2.02418 113
25 850 24 1 2.511972 113
5 950 24 1 0.8804972 113
15 950 24 1 4.097214 113
25 950 24 1 5.694305 113
35 350 21 2 -0.5230595 213
45 350 21 2 -1.111206 213
65 350 21 2 -6.264466 213.1282
75 350 21 2 -8.423305 213
65 450 21 2 -7.26981 213.7614
75 450 21 2 -8.088124 213
65 550 21 2 -8.10319 213
75 550 21 2 -8.28245 213
65 650 21 2 -9.233098 213
75 650 21 2 -9.167616 213
75 750 21 2 -9.472811 213
75 850 21 2 -9.92739 213
75 950 21 2 -10.09328 213
35 350 22 2 0.4568205 28
45 350 22 2 1.278093 28
55 350 22 2 2.003514 28
65 350 22 2 2.216059 29
75 350 22 2 2.330411 29
35 450 22 2 0.6260092 28
45 450 22 2 2.328021 28
55 450 22 2 3.041551 28
65 450 22 2 3.774615 29
75 450 22 2 3.992581 29
35 550 22 2 0.5985473 28
45 550 22 2 2.837223 28
55 550 22 2 3.590997 28
65 550 22 2 4.295972 29
75 550 22 2 4.157324 29
35 650 22 2 0.8871584 28
45 650 22 2 2.872735 28
55 650 22 2 4.103802 28
65 650 22 2 4.468884 29
75 650 22 2 4.457373 29
35 750 22 2 1.32035 28
45 750 22 2 3.320036 28
55 750 22 2 4.461698 28
65 750 22 2 4.736091 29
75 750 22 2 4.843466 29
35 850 22 2 2.072809 28
45 850 22 2 4.029148 28
55 850 22 2 4.609572 28
65 850 22 2 5.193263 29
75 850 22 2 5.293742 29
35 950 22 2 2.545236 28
45 950 22 2 4.307767 28
55 950 22 2 4.740039 28
65 950 22 2 5.652939 29
75 950 22 2 6.191754 29
35 350 23 2 -4.484267 273
45 350 23 2 -4.254874 273
55 350 23 2 -5.021158 273
65 350 23 2 -5.693737 274
75 350 23 2 -6.125981 273.5581
35 450 23 2 -4.426668 273
45 450 23 2 -4.23575 273
55 450 23 2 -4.989319 273
65 450 23 2 -5.658782 274
75 450 23 2 -5.804503 273.5455
35 550 23 2 -4.382403 273
45 550 23 2 -4.165576 273
55 550 23 2 -5.111555 273
65 550 23 2 -5.74909 274
75 550 23 2 -5.183171 273.8421
35 650 23 2 -4.735345 273
45 650 23 2 -4.108892 273
55 650 23 2 -5.267077 273
65 650 23 2 -5.312159 274
75 650 23 2 -4.712121 274
35 750 23 2 -5.173048 273
45 750 23 2 -4.450026 273
55 750 23 2 -5.629463 273
65 750 23 2 -5.024605 274
75 750 23 2 -4.374949 274
35 850 23 2 -4.916013 273
45 850 23 2 -4.755964 273
55 850 23 2 -5.515763 273
75 850 23 2 -4.210643 274
35 950 23 2 -4.752646 273
45 950 23 2 -4.582828 273
55 950 23 2 -4.982152 273
75 950 23 2 -4.181442 274
35 350 24 2 3.290777 116
45 350 24 2 3.375488 116
55 350 24 2 3.903387 116
65 350 24 2 4.340964 117
75 350 24 2 3.900581 116.36
35 450 24 2 3.534964 116
45 450 24 2 3.768897 116
55 450 24 2 4.440422 116
65 450 24 2 4.724091 117
75 450 24 2 4.910332 116.4762
35 550 24 2 3.657232 116
45 550 24 2 4.049521 116
55 550 24 2 4.628162 116
65 550 24 2 5.427561 117
75 550 24 2 5.533183 116.5179
35 650 24 2 3.655737 116
45 650 24 2 4.374495 116
55 650 24 2 4.918204 116
65 650 24 2 6.185817 117
75 650 24 2 6.57317 116.4921
35 750 24 2 4.179979 116
45 750 24 2 4.807015 116
55 750 24 2 5.430509 116
65 750 24 2 6.432938 117
75 750 24 2 7.029044 116.5172
35 850 24 2 4.608872 116
45 850 24 2 5.378435 116
55 850 24 2 5.766743 116
65 850 24 2 6.698731 117
75 850 24 2 7.134682 116.4468
35 950 24 2 5.164923 116
45 950 24 2 5.727318 116
55 950 24 2 6.231049 116
65 950 24 2 6.919 117
75 950 24 2 6.746533 116.6042
25 350 21 3 -1.577187 216
35 350 21 3 -1.884422 215.2836
45 350 21 3 -4.664894 215
55 350 21 3 -6.285594 215
65 350 21 3 -7.753944 215
25 450 21 3 -0.9119173 216
35 450 21 3 -1.264789 215.3061
45 450 21 3 -3.876929 215
55 450 21 3 -5.087781 215
65 450 21 3 -8.751473 215
25 550 21 3 -0.9218328 216
35 550 21 3 -1.142001 215.4583
45 550 21 3 -3.075785 215
55 550 21 3 -4.60367 215
65 550 21 3 -8.532106 215
25 650 21 3 -0.7349147 216
35 650 21 3 -2.128723 215.2836
45 650 21 3 -2.592692 215
55 650 21 3 -4.046848 215
65 650 21 3 -8.576289 215
25 750 21 3 -0.654217 216
35 750 21 3 -2.940424 215.5333
45 750 21 3 -2.391203 215
55 750 21 3 -3.357671 215
65 750 21 3 -8.871719 215
35 850 21 3 -3.861135 215.4884
45 850 21 3 -2.232757 215
55 850 21 3 -2.770642 215
65 850 21 3 -10.23862 215
35 950 21 3 -3.981707 215.4865
45 950 21 3 -2.005438 215
55 950 21 3 -3.66539 215
25 350 22 3 0.7402893 32
35 350 22 3 1.589746 32
45 350 22 3 2.007485 31
55 350 22 3 2.283927 31
65 350 22 3 3.102241 31
25 450 22 3 0.625869 32
35 450 22 3 2.233588 32
45 450 22 3 3.198575 31
55 450 22 3 3.501118 31
65 450 22 3 3.544508 31
25 550 22 3 1.218188 32
35 550 22 3 2.980338 32
45 550 22 3 4.030575 31
55 550 22 3 4.298307 31
65 550 22 3 4.023213 31
25 650 22 3 1.59449 32
35 650 22 3 3.800174 32
45 650 22 3 4.527353 31
55 650 22 3 4.755972 31
65 650 22 3 4.206412 31
15 750 22 3 1.443302 32
25 750 22 3 2.286304 32
35 750 22 3 4.247771 32
45 750 22 3 4.725879 31
55 750 22 3 4.893264 31
65 750 22 3 4.462441 31
15 850 22 3 3.052753 32
25 850 22 3 3.167222 32
35 850 22 3 4.312848 32
45 850 22 3 4.862316 31
55 850 22 3 5.185966 31
65 850 22 3 4.500719 31
15 950 22 3 3.545492 32
25 950 22 3 3.876727 32
35 950 22 3 4.251415 32
45 950 22 3 4.874247 31
55 950 22 3 6.026634 31
25 350 23 3 -4.807529 277
35 350 23 3 -5.64493 276
45 350 23 3 -5.063366 276
55 350 23 3 -4.998199 276
65 350 23 3 -5.729503 276
25 450 23 3 -4.800593 277
35 450 23 3 -5.811327 276
45 450 23 3 -5.407271 276
55 450 23 3 -4.409874 276
65 450 23 3 -5.777781 276
25 550 23 3 -5.152935 276.3438
35 550 23 3 -6.090191 276
45 550 23 3 -5.442455 276
55 550 23 3 -4.190378 276
25 650 23 3 -4.895593 276.45
35 650 23 3 -5.949264 276
45 650 23 3 -5.225269 276
55 650 23 3 -3.664078 276
25 750 23 3 -4.420927 276.4571
35 750 23 3 -5.155327 276
45 750 23 3 -4.617583 276
55 750 23 3 -2.926333 276
25 850 23 3 -3.932567 276.4138
35 850 23 3 -3.566309 276
45 850 23 3 -3.258192 276
55 850 23 3 -2.232745 276
25 950 23 3 -3.894834 276
35 950 23 3 -2.713559 276
45 950 23 3 -1.250758 276
55 950 23 3 -1.725771 276
25 350 24 3 3.13045 119
35 350 24 3 3.902753 118
45 350 24 3 4.006739 118
55 350 24 3 2.603752 118
65 350 24 3 3.543251 118
25 450 24 3 3.688712 118.7843
35 450 24 3 4.253307 118
45 450 24 3 3.929119 118
55 450 24 3 3.260728 118
65 450 24 3 4.244923 118
25 550 24 3 3.53947 118.75
35 550 24 3 4.447845 118
45 550 24 3 3.773076 118
55 550 24 3 3.465067 118
65 550 24 3 4.655617 118
25 650 24 3 3.959912 118.6809
35 650 24 3 4.725707 118
45 650 24 3 4.093629 118
55 650 24 3 3.781306 118
65 650 24 3 5.16891 118
25 750 24 3 4.152574 118.6667
35 750 24 3 4.901224 118
45 750 24 3 4.46543 118
55 750 24 3 4.238421 118
25 850 24 3 4.413737 118.6757
35 850 24 3 4.968405 118
45 850 24 3 5.129512 118
55 850 24 3 4.48833 118
15 950 24 3 3.824117 119
25 950 24 3 5.044944 118.7877
35 950 24 3 4.985101 118
45 950 24 3 4.755361 118
55 950 24 3 4.796922 118
-15 350 21 4 -0.9760285 219
-5 350 21 4 -0.9041918 218.6834
5 350 21 4 -0.6833207 218
15 350 21 4 -1.271087 218
-15 450 21 4 -1.022612 219
-5 450 21 4 -1.004305 218.6023
5 450 21 4 -0.7422534 218
15 450 21 4 -0.6860793 218
-15 550 21 4 -1.084068 219
-5 550 21 4 -0.9690929 218.5915
5 550 21 4 -0.5677398 218
15 550 21 4 -0.6203684 218
-15 650 21 4 -1.118008 219
-5 650 21 4 -0.735383 218.4068
5 650 21 4 -0.4233118 218
15 650 21 4 -0.5909965 218
-15 750 21 4 -1.109661 219
-5 750 21 4 -0.3296947 218.525
5 750 21 4 -0.2547231 218
15 750 21 4 -0.7372698 218
-15 850 21 4 -1.236174 219
-5 850 21 4 -0.2789055 218.4444
5 850 21 4 -0.2801581 218
15 850 21 4 -1.335328 218
-15 950 21 4 -1.277639 219
-5 950 21 4 -0.281499 218.4255
5 950 21 4 -0.2267557 218
15 950 21 4 -1.516684 218
-15 350 22 4 -0.7862747 34
-5 350 22 4 -0.4894402 33.87179
5 350 22 4 0.0799685 33
15 350 22 4 0.3661994 33
-15 450 22 4 -0.8907418 34
-5 450 22 4 -0.3743964 33.79167
5 450 22 4 0.1715444 33
15 450 22 4 0.0499046 33
-15 550 22 4 -1.142108 34
-5 550 22 4 -0.5839491 33.81429
5 550 22 4 0.2694501 33
15 550 22 4 0.5211845 33
-15 650 22 4 -0.9622056 34
-5 650 22 4 -0.716959 33.79661
5 650 22 4 0.2178194 33
15 650 22 4 0.7508668 33
-15 750 22 4 -0.6612888 34
-5 750 22 4 -0.5760496 33.78182
5 750 22 4 -0.07057543 33
15 750 22 4 0.8798007 33
-15 850 22 4 -0.4001283 34
-5 850 22 4 -0.2850047 33.76471
5 850 22 4 0.3697059 33
15 850 22 4 1.490088 33
-15 950 22 4 -0.2719666 34
-5 950 22 4 -0.2628915 33.94286
5 950 22 4 0.4979771 33
15 950 22 4 2.114513 33
-15 350 23 4 -3.299201 279
-5 350 23 4 -3.195598 279
5 350 23 4 -3.302128 278.2759
15 350 23 4 -4.14422 278
-15 450 23 4 -3.346374 279
-5 450 23 4 -3.20913 279
5 450 23 4 -3.321928 278.5238
15 450 23 4 -4.333615 278
-15 550 23 4 -3.322231 279
-5 550 23 4 -3.232737 279
5 550 23 4 -3.385372 278.4717
15 550 23 4 -4.57807 278
-15 650 23 4 -3.244441 279
-5 650 23 4 -3.15756 279
5 650 23 4 -3.293347 278.5319
15 650 23 4 -4.611179 278
-15 750 23 4 -3.211612 279
-5 750 23 4 -3.128662 279
5 750 23 4 -3.254971 278.475
15 750 23 4 -4.155735 278
-15 850 23 4 -3.30083 279
-5 850 23 4 -3.147596 279
5 850 23 4 -2.810175 278.5
15 850 23 4 -3.816515 278
-15 950 23 4 -3.76336 279
-5 950 23 4 -3.025592 279
5 950 23 4 -2.468242 278.4301
15 950 23 4 -3.715598 278
-15 350 24 4 -1.892345 121
-5 350 24 4 -1.364509 121
5 350 24 4 -0.6757983 120
15 350 24 4 1.252651 120
-15 450 24 4 -2.064863 121
-5 450 24 4 -1.337835 120.9259
5 450 24 4 -0.7750797 120
15 450 24 4 1.67728 120
-15 550 24 4 -2.795412 121
-5 550 24 4 -0.985907 120.7049
5 550 24 4 -0.219926 120
15 550 24 4 1.207558 120
-15 650 24 4 -3.216542 121
-5 650 24 4 -0.8626897 120.7037
5 650 24 4 0.2365154 120
15 650 24 4 1.348598 120
-15 750 24 4 -3.478523 121
-5 750 24 4 -0.7197982 120.7059
5 750 24 4 0.601128 120
15 750 24 4 1.493406 120
-15 850 24 4 -3.870869 121
-5 850 24 4 -0.6023687 120.7073
5 850 24 4 0.8509479 120
15 850 24 4 2.144929 120
-15 950 24 4 -3.930001 121
-5 950 24 4 -0.4595063 120.3785
5 950 24 4 1.089479 120
15 950 24 4 3.856202 120
-45 350 21 5 -2.249073 220.5319
-35 350 21 5 -1.71348 220
-15 350 21 5 -0.919014 220
-45 450 21 5 -2.57238 220.75
-35 450 21 5 -2.254094 220
-15 450 21 5 -0.9873179 220
-45 550 21 5 -2.696733 220.7818
-35 550 21 5 -2.699412 220
-15 550 21 5 -1.13326 220
-45 650 21 5 -2.899808 220.9035
-35 650 21 5 -3.001695 220
-25 650 21 5 -1.132894 220
-15 650 21 5 -1.179732 220
-45 750 21 5 -3.196629 221
-35 750 21 5 -3.331839 220
-25 750 21 5 -1.223944 220
-15 750 21 5 -1.179342 220
-45 850 21 5 -3.561412 221
-35 850 21 5 -3.578952 220
-25 850 21 5 -1.526244 220
-15 850 21 5 -1.248051 220
-45 950 21 5 -3.58677 221
-35 950 21 5 -3.688192 220
-25 950 21 5 -2.513416 220
-15 950 21 5 -1.353689 220
-55 350 22 5 -3.540327 36
-45 350 22 5 -3.276642 35.86585
-35 350 22 5 -2.827669 35
-25 350 22 5 -2.83277 35
-15 350 22 5 -2.603099 35
-55 450 22 5 -3.868111 36
-45 450 22 5 -3.497629 36
-35 450 22 5 -3.328047 35
-25 450 22 5 -3.358002 35
-15 450 22 5 -2.344191 35
-55 550 22 5 -4.143497 36
-45 550 22 5 -3.611473 36
-35 550 22 5 -3.461456 35
-25 550 22 5 -3.204361 35
-15 550 22 5 -1.520912 35
-55 650 22 5 -4.592629 36
-45 650 22 5 -3.571584 36
-35 650 22 5 -3.487862 35
-25 650 22 5 -2.849776 35
-15 650 22 5 -1.174651 35
-55 750 22 5 -4.770657 36
-45 750 22 5 -3.938919 36
-35 750 22 5 -3.611507 35
-25 750 22 5 -2.765159 35
-15 750 22 5 -1.135897 35
-55 850 22 5 -4.894701 36
-45 850 22 5 -4.058597 36
-35 850 22 5 -3.898902 35
-25 850 22 5 -2.932491 35
-15 850 22 5 -1.049049 35
-55 950 22 5 -4.952091 36
-45 950 22 5 -4.494854 36
-35 950 22 5 -4.332319 35
-25 950 22 5 -3.556379 35
-55 350 23 5 -3.181346 281
-45 350 23 5 -3.205498 280.8322
-35 350 23 5 -3.129895 280
-25 350 23 5 -3.001028 280
-15 350 23 5 -3.089686 280
-55 450 23 5 -3.221878 281
-45 450 23 5 -3.254256 280.8584
-35 450 23 5 -3.256179 280
-25 450 23 5 -3.133074 280
-15 450 23 5 -3.230975 280
-55 550 23 5 -3.280598 281
-45 550 23 5 -3.465611 280.9023
-35 550 23 5 -3.258999 280
-25 550 23 5 -3.254039 280
-15 550 23 5 -3.335941 280
-55 650 23 5 -3.499308 281
-45 650 23 5 -3.613775 280.8916
-35 650 23 5 -3.306429 280
-25 650 23 5 -3.390156 280
-15 650 23 5 -3.263083 280
-55 750 23 5 -3.776126 281
-45 750 23 5 -3.748498 281
-35 750 23 5 -3.549777 280
-25 750 23 5 -3.657961 280
-15 750 23 5 -3.17934 280
-55 850 23 5 -4.19471 281
-45 850 23 5 -3.850363 281
-35 850 23 5 -3.957958 280
-25 850 23 5 -3.911381 280
-15 850 23 5 -3.604891 280
-55 950 23 5 -4.142346 281
-45 950 23 5 -4.252972 281
-35 950 23 5 -4.333541 280
-25 950 23 5 -4.20679 280
-15 950 23 5 -3.844552 280
-45 350 24 5 -3.145547 123
-35 350 24 5 -2.684437 122.4231
-25 350 24 5 -2.450013 122
-15 350 24 5 -2.393379 122
-45 450 24 5 -3.197271 123
-35 450 24 5 -3.085536 122.6667
-25 450 24 5 -2.810854 122
-15 450 24 5 -2.448704 122
-45 550 24 5 -3.33292 123
-35 550 24 5 -3.287782 122.4615
-25 550 24 5 -3.016709 122
-15 550 24 5 -2.764672 122
-45 650 24 5 -3.424335 123
-35 650 24 5 -3.419088 122.3636
-25 650 24 5 -3.343356 122
-15 650 24 5 -3.26173 122
-45 750 24 5 -3.595379 123
-35 750 24 5 -3.529295 122.3611
-25 750 24 5 -3.568535 122
-15 750 24 5 -3.601947 122
-45 850 24 5 -3.731725 123
-35 850 24 5 -3.835209 122.3714
-25 850 24 5 -3.797756 122
-15 850 24 5 -3.738474 122
-45 950 24 5 -4.10114 123
-35 950 24 5 -3.930676 122.5278
-25 950 24 5 -3.851497 122
-15 950 24 5 -3.771451 122
-65 350 21 6 -3.308327 225
-55 350 21 6 -2.55801 224.7868
-45 350 21 6 -2.346226 224
-65 450 21 6 -3.625168 225
-55 450 21 6 -3.089251 224.875
-45 450 21 6 -2.697508 224
-65 550 21 6 -3.731404 225
-55 550 21 6 -3.435406 224.8427
-45 550 21 6 -3.02595 224
-65 650 21 6 -3.693955 225
-55 650 21 6 -3.624677 224.8642
-45 650 21 6 -3.392806 224
-65 750 21 6 -3.67041 225
-55 750 21 6 -3.797072 224.8571
-45 750 21 6 -3.610837 224
-65 850 21 6 -3.700948 225
-55 850 21 6 -3.84173 224.8451
-45 850 21 6 -3.752513 224
-65 950 21 6 -3.733113 225
-55 950 21 6 -3.845705 224.9554
-45 950 21 6 -3.894701 224
-65 350 22 6 -3.89436 40.60504
-55 350 22 6 -3.595176 40.18254
-45 350 22 6 -3.526008 40
-65 450 22 6 -4.152833 40.63107
-55 450 22 6 -3.950777 40.52439
-45 450 22 6 -3.443585 40
-65 550 22 6 -4.451624 40.65476
-55 550 22 6 -4.162422 40.52857
-45 550 22 6 -3.58813 40
-65 650 22 6 -4.700661 40.67143
-55 650 22 6 -4.242793 40.59375
-45 650 22 6 -3.643134 40
-65 750 22 6 -4.922183 40.66129
-55 750 22 6 -4.469728 40.54
-65 850 22 6 -5.058317 40.65
-55 850 22 6 -4.841792 40.48649
-65 950 22 6 -5.226566 40.56604
-55 950 22 6 -4.994065 40.53623
-65 350 23 6 -3.462624 283.5024
-55 350 23 6 -3.339146 283.3908
-45 350 23 6 -3.299895 283
-65 450 23 6 -3.668564 283.4872
-55 450 23 6 -3.557798 283.4609
-45 450 23 6 -3.322953 283
-65 550 23 6 -3.847132 283.4792
-55 550 23 6 -3.743173 283.6
-45 550 23 6 -3.465255 283
-65 650 23 6 -3.963901 283.425
-55 650 23 6 -3.911808 283.3158
-45 650 23 6 -3.566316 283
-65 750 23 6 -4.000574 283.4545
-55 750 23 6 -4.036907 283.3673
-45 750 23 6 -3.725821 283
-65 850 23 6 -4.060936 283.4865
-55 850 23 6 -4.159295 283.5747
-45 850 23 6 -3.63057 283
-65 950 23 6 -4.196008 283.4028
-55 950 23 6 -4.115893 283.3037
-45 950 23 6 -3.596234 283
-65 350 24 6 -3.54453 126
-55 350 24 6 -3.280689 125.4277
-45 350 24 6 -3.540324 125
-65 450 24 6 -3.835778 126
-55 450 24 6 -3.505642 125.4375
-45 450 24 6 -3.822444 125
-65 550 24 6 -3.976496 126
-55 550 24 6 -3.650571 125.5054
-45 550 24 6 -3.940827 125
-65 650 24 6 -4.051789 126
-55 650 24 6 -3.731611 125.6
-45 650 24 6 -4.107898 125
-65 750 24 6 -4.147194 126
-55 750 24 6 -3.843745 125.5921
-45 750 24 6 -4.269848 125
-65 850 24 6 -4.342168 126
-55 850 24 6 -4.041374 125.5714
-45 850 24 6 -4.38031 125
-65 950 24 6 -4.475657 126
-55 950 24 6 -4.081508 125.5111
-45 950 24 6 -4.263152 125
-55 350 21 7 -2.841333 227
-45 350 21 7 -2.860056 227
-35 350 21 7 -1.826415 227
-25 350 21 7 -1.443796 227
-15 350 21 7 -1.625453 227
-5 350 21 7 -1.556423 227
-55 450 21 7 -3.135108 227
-45 450 21 7 -3.174864 227
-35 450 21 7 -1.903487 227
-25 450 21 7 -1.312161 227
-15 450 21 7 -1.14882 227
-5 450 21 7 -1.284727 227
-55 550 21 7 -3.331078 227
-45 550 21 7 -3.352093 227
-35 550 21 7 -2.314339 227
-25 550 21 7 -1.506311 227
-15 550 21 7 -1.198469 227
-5 550 21 7 -1.431028 227
-55 650 21 7 -3.39945 227
-45 650 21 7 -3.394032 227
-35 650 21 7 -3.02149 227
-25 650 21 7 -1.880617 227
-15 650 21 7 -1.220559 227
-5 650 21 7 -1.432412 227
-55 750 21 7 -3.458577 227
-45 750 21 7 -3.474265 227
-35 750 21 7 -3.579373 227
-25 750 21 7 -2.258378 227
-15 750 21 7 -1.356125 227
-55 850 21 7 -3.444944 227
-45 850 21 7 -3.507937 227
-35 850 21 7 -4.078215 227
-25 850 21 7 -2.881248 227
-15 850 21 7 -1.653722 227
-55 950 21 7 -3.436563 227
-45 950 21 7 -3.532904 227
-35 950 21 7 -4.685372 227
-25 950 21 7 -2.738956 227
-15 950 21 7 -1.612655 227
-55 350 22 7 -3.295407 43
-45 350 22 7 -3.24841 43
-35 350 22 7 -3.287738 43
-25 350 22 7 -3.21644 43
-15 350 22 7 -2.893985 43
-5 350 22 7 -0.2521445 43
-55 450 22 7 -3.558469 43
-45 450 22 7 -3.301525 43
-35 450 22 7 -2.902558 43
-25 450 22 7 -4.874171 43
-15 450 22 7 -5.035428 43
-5 450 22 7 -0.3303412 43
-55 550 22 7 -3.796344 43
-45 550 22 7 -3.477296 43
-35 550 22 7 -2.772479 43
-25 550 22 7 -4.986172 43
-15 550 22 7 -5.427781 43
-5 550 22 7 0.7044147 43
-55 650 22 7 -3.977863 43
-45 650 22 7 -3.761742 43
-35 650 22 7 -2.847242 43
-25 650 22 7 -3.444886 43
-15 650 22 7 -3.337565 43
-5 650 22 7 1.934541 43
-55 750 22 7 -4.236625 43
-45 750 22 7 -3.943562 43
-35 750 22 7 -3.057073 43
-25 750 22 7 -3.093488 43
-15 750 22 7 -3.046107 43
-5 750 22 7 2.393643 43
-55 850 22 7 -4.417292 43
-45 850 22 7 -4.143962 43
-35 850 22 7 -3.236405 43
-15 850 22 7 -3.208373 43
-5 850 22 7 -0.432411 43
-55 950 22 7 -4.193455 43
-45 950 22 7 -4.722642 43
-35 950 22 7 -3.359824 43
-15 950 22 7 -3.174057 43
-5 950 22 7 -2.816481 43
-65 350 23 7 -3.724348 286
-55 350 23 7 -3.615031 286
-65 450 23 7 -3.836687 286
-55 450 23 7 -3.768369 286
-65 550 23 7 -3.903963 286
-55 550 23 7 -3.852072 286
-65 650 23 7 -3.938182 286
-55 650 23 7 -3.895854 286
-65 750 23 7 -3.949088 286
-55 750 23 7 -3.903927 286
-65 850 23 7 -3.83522 286
-55 850 23 7 -4.06301 286
-65 950 23 7 -3.752806 286
-55 950 23 7 -3.977618 286
-65 350 24 7 -3.619829 128
-55 350 24 7 -3.247602 128
-65 450 24 7 -4.043401 128
-55 450 24 7 -3.724793 128
-65 550 24 7 -4.12675 128
-55 550 24 7 -3.877094 128
-65 650 24 7 -4.1166 128
-55 650 24 7 -3.985358 128
-65 750 24 7 -4.256209 128
-55 750 24 7 -4.011083 128
-65 850 24 7 -4.443839 128
-55 850 24 7 -3.903675 128
-65 950 24 7 -4.87973 128
-55 950 24 7 -3.917096 128
-5 350 21 8 -1.891365 229
5 350 21 8 -2.713243 229
15 350 21 8 -3.327527 229
25 350 21 8 -2.991264 229
35 350 21 8 -2.656071 229
-5 450 21 8 -1.564647 229
5 450 21 8 -2.630083 229
15 450 21 8 -3.538583 229
25 450 21 8 -2.95567 229
35 450 21 8 -2.758494 229
-5 550 21 8 -1.545868 229
5 550 21 8 -2.567497 229
15 550 21 8 -3.465225 229
25 550 21 8 -3.072822 229
35 550 21 8 -2.900328 229
-5 650 21 8 -1.671528 229
5 650 21 8 -2.46463 229
15 650 21 8 -3.975058 229
25 650 21 8 -3.60908 229
35 650 21 8 -3.411472 229
-5 750 21 8 -0.6765069 229
5 750 21 8 -2.368642 229
15 750 21 8 -4.299758 229
25 750 21 8 -4.25407 229
35 750 21 8 -3.833781 229
-5 850 21 8 -0.6155006 229
5 850 21 8 -1.473761 229
15 850 21 8 -3.652946 229
25 850 21 8 -3.765675 229
35 850 21 8 -4.602333 229
-5 950 21 8 -1.400679 229
5 950 21 8 -0.9186724 229
15 950 21 8 -3.589528 229
25 950 21 8 -5.184094 229
35 950 21 8 -5.590626 229
-5 350 22 8 -1.411021 45
5 350 22 8 0.3678817 45
15 350 22 8 0.3343994 45
25 350 22 8 0.5477932 45
35 350 22 8 0.6483841 45
-5 450 22 8 0.8779691 45
5 450 22 8 0.9426548 45
15 450 22 8 0.7040551 45
25 450 22 8 0.90884 45
35 450 22 8 0.9432586 45
-5 550 22 8 1.017921 45
5 550 22 8 1.495742 45
15 550 22 8 0.8940889 45
25 550 22 8 1.159972 45
35 550 22 8 1.162926 45
-5 650 22 8 1.857687 45
5 650 22 8 2.555157 45
15 650 22 8 0.731211 45
25 650 22 8 1.228555 45
35 650 22 8 1.831687 45
-5 750 22 8 3.486541 45
5 750 22 8 3.882976 45
15 750 22 8 0.956909 45
25 750 22 8 1.503481 45
35 750 22 8 3.03685 45
-5 850 22 8 1.86208 45
5 850 22 8 4.487568 45
15 850 22 8 2.405354 45
25 850 22 8 2.409405 45
35 850 22 8 3.867854 45
-5 950 22 8 -1.197479 45
5 950 22 8 3.759402 45
15 950 22 8 2.915417 45
25 950 22 8 2.853396 45
35 950 22 8 4.140483 45
-55 350 23 8 -3.42019 289
-45 350 23 8 -3.498524 289
-35 350 23 8 -3.476873 289
-25 350 23 8 -3.536375 289
-15 350 23 8 -3.609608 289
-5 350 23 8 -3.430164 289
-55 450 23 8 -3.698607 289
-45 450 23 8 -3.535739 289
-35 450 23 8 -3.371197 289
-25 450 23 8 -3.428313 289
-15 450 23 8 -3.443732 289
-5 450 23 8 -0.6064565 289
-45 550 23 8 -3.515826 289
-35 550 23 8 -3.356154 289
-25 550 23 8 -3.416278 289
-15 550 23 8 -2.992176 289
-5 550 23 8 0.06255875 289
-45 650 23 8 -3.594539 289
-35 650 23 8 -3.445996 289
-25 650 23 8 -3.253139 289
-15 650 23 8 -2.127596 289
-5 650 23 8 0.5510987 289
-45 750 23 8 -3.622493 289
-35 750 23 8 -3.525822 289
-25 750 23 8 -2.9672 289
-15 750 23 8 -1.409204 289
-5 750 23 8 1.184651 289
-45 850 23 8 -3.761701 289
-35 850 23 8 -3.678269 289
-25 850 23 8 -3.367545 289
-15 850 23 8 -3.341739 289
-5 850 23 8 -0.8317815 289
-45 950 23 8 -3.776727 289
-35 950 23 8 -4.051236 289
-25 950 23 8 -3.701708 289
-15 950 23 8 -3.558609 289
-5 950 23 8 -2.996076 289
-55 350 24 8 -3.508136 131
-45 350 24 8 -3.406954 131
-35 350 24 8 -2.428886 131
-25 350 24 8 -1.791233 131
-15 350 24 8 -1.274494 131
-5 350 24 8 -0.7326719 131
-55 450 24 8 -3.771251 131
-45 450 24 8 -3.693057 131
-35 450 24 8 -2.910346 131
-25 450 24 8 -2.185529 131
-15 450 24 8 -1.695567 131
-5 450 24 8 -1.462674 131
-55 550 24 8 -3.873303 131
-45 550 24 8 -3.811803 131
-35 550 24 8 -3.817419 131
-25 550 24 8 -2.45702 131
-15 550 24 8 -2.403637 131
-5 550 24 8 -2.151462 131
-55 650 24 8 -3.959481 131
-45 650 24 8 -3.830036 131
-35 650 24 8 -4.800663 131
-25 650 24 8 -2.978757 131
-15 650 24 8 -2.84159 131
-5 650 24 8 -2.307868 131
-55 750 24 8 -4.027039 131
-45 750 24 8 -3.909703 131
-35 750 24 8 -5.278442 131
-25 750 24 8 -3.558541 131
-15 750 24 8 -3.095573 131
-5 750 24 8 -2.231047 131
-55 850 24 8 -4.025354 131
-45 850 24 8 -4.041916 131
-35 850 24 8 -5.052131 131
-25 850 24 8 -3.869339 131
-15 850 24 8 -3.493036 131
-55 950 24 8 -4.054816 131
-45 950 24 8 -4.089219 131
-35 950 24 8 -4.732155 131
-25 950 24 8 -3.927992 131
-15 950 24 8 -3.617528 131
45 350 21 9 -3.025011 232
55 350 21 9 -5.404831 232
65 350 21 9 -4.93834 232
75 350 21 9 -6.445234 232
35 450 21 9 -3.005716 232
45 450 21 9 -3.708326 232
55 450 21 9 -5.857481 232
65 450 21 9 -6.36035 232
75 450 21 9 -7.313533 232
35 550 21 9 -3.447127 232
45 550 21 9 -4.825013 232
65 550 21 9 -6.977268 232
75 550 21 9 -7.591546 232
35 650 21 9 -5.04463 232
45 650 21 9 -5.603751 232
65 650 21 9 -7.593448 232
75 650 21 9 -8.238063 232
45 750 21 9 -5.675735 232
65 750 21 9 -8.216206 232
75 750 21 9 -8.337415 232
45 850 21 9 -5.881706 232
65 850 21 9 -7.992275 232
75 850 21 9 -9.458516 232
45 950 21 9 -5.414964 232
75 950 21 9 -10.92657 232
35 350 22 9 0.9990257 48
45 350 22 9 1.045323 48
55 350 22 9 2.290706 48
65 350 22 9 2.761011 48
75 350 22 9 2.256631 48
35 450 22 9 1.035633 48
45 450 22 9 1.258469 48
55 450 22 9 2.460156 48
65 450 22 9 3.213611 48
75 450 22 9 3.391826 48
35 550 22 9 1.20034 48
45 550 22 9 1.322629 48
55 550 22 9 3.010934 48
65 550 22 9 3.909166 48
75 550 22 9 3.565453 48
35 650 22 9 1.758686 48
45 650 22 9 1.670139 48
55 650 22 9 3.374472 48
65 650 22 9 4.338299 48
75 650 22 9 3.975753 48
35 750 22 9 2.708469 48
45 750 22 9 2.200136 48
55 750 22 9 3.720365 48
65 750 22 9 4.682688 48
75 750 22 9 4.284094 48
35 850 22 9 3.593307 48
45 850 22 9 3.059274 48
55 850 22 9 4.175433 48
65 850 22 9 5.115817 48
75 850 22 9 4.8804 48
35 950 22 9 4.128427 48
45 950 22 9 4.04321 48
55 950 22 9 4.316014 48
65 950 22 9 5.305221 48
75 950 22 9 4.611976 48
-5 350 23 9 -4.372289 291
5 350 23 9 -4.810502 291
15 350 23 9 -5.436395 291
-5 450 23 9 -3.332561 291
5 450 23 9 -4.896775 291
15 450 23 9 -5.518367 291
-5 550 23 9 -0.9650505 291
5 550 23 9 -4.889873 291
15 550 23 9 -6.098854 291
-5 650 23 9 2.072106 291
5 650 23 9 -3.971333 291
15 650 23 9 -6.192993 291
-5 750 23 9 0.3076045 291
5 750 23 9 -5.84282 291
15 750 23 9 -6.859299 291
-5 850 23 9 -2.105126 291
5 850 23 9 -6.180725 291
15 850 23 9 -5.949588 291
-5 950 23 9 -2.589272 291
5 950 23 9 -6.424791 291
15 950 23 9 -3.799666 291
-5 350 24 9 -0.4432538 133
5 350 24 9 0.1269869 133
15 350 24 9 0.9742804 133
25 350 24 9 1.758904 133
35 350 24 9 2.446178 133
-5 450 24 9 -1.184917 133
5 450 24 9 0.3735325 133
15 450 24 9 1.686182 133
25 450 24 9 1.996126 133
35 450 24 9 2.709097 133
-5 550 24 9 -1.590838 133
5 550 24 9 0.1843088 133
15 550 24 9 2.087403 133
25 550 24 9 2.308948 133
35 550 24 9 3.109371 133
-5 650 24 9 -2.097974 133
5 650 24 9 -0.08066624 133
15 650 24 9 2.378054 133
25 650 24 9 2.701327 133
35 650 24 9 3.915765 133
-5 750 24 9 -2.134388 133
5 750 24 9 0.7214222 133
15 750 24 9 3.790951 133
25 750 24 9 3.218873 133
35 750 24 9 4.499664 133
-5 850 24 9 -2.149211 133
5 850 24 9 1.280802 133
15 850 24 9 4.507017 133
25 850 24 9 3.80161 133
-5 950 24 9 -2.412536 133
5 950 24 9 1.862324 133
15 950 24 9 3.915909 133
25 950 24 9 3.977674 133
65 350 22 10 0.2160434 49
75 350 22 10 2.120448 49
65 450 22 10 2.282247 49
75 450 22 10 3.363089 49
65 550 22 10 3.268804 49
75 550 22 10 4.062486 49
65 650 22 10 3.949781 49
75 650 22 10 4.621902 49
65 750 22 10 4.888196 49
75 750 22 10 5.248508 49
65 850 22 10 6.214837 49
75 850 22 10 5.56108 49
65 950 22 10 6.926711 49
75 950 22 10 6.265971 49
15 350 23 10 -5.274978 292
25 350 23 10 -5.063304 292
35 350 23 10 -4.670894 292
5 450 23 10 -6.109338 292
15 450 23 10 -5.341942 292
25 450 23 10 -4.793093 292
35 450 23 10 -4.536752 292
5 550 23 10 -6.492201 292
15 550 23 10 -5.637516 292
25 550 23 10 -4.365847 292
35 550 23 10 -4.364166 292
5 650 23 10 -6.540293 292
15 650 23 10 -5.664328 292
25 650 23 10 -4.122777 292
35 650 23 10 -4.144958 292
5 750 23 10 -6.505694 292
15 750 23 10 -5.760424 292
25 750 23 10 -3.723583 292
35 750 23 10 -3.733665 292
5 850 23 10 -7.486678 292
15 850 23 10 -5.677362 292
25 850 23 10 -2.954098 292
35 850 23 10 -2.435494 292
5 950 23 10 -5.96392 292
15 950 23 10 -2.988275 292
25 950 23 10 -2.614791 292
35 950 23 10 -1.963625 292
45 350 24 10 3.414694 136
55 350 24 10 3.604425 136
65 350 24 10 3.631639 136
35 450 24 10 3.598466 136
45 450 24 10 3.541065 136
55 450 24 10 3.719875 136
65 450 24 10 4.228296 136
35 550 24 10 3.638143 136
45 550 24 10 3.783158 136
55 550 24 10 3.953389 136
65 550 24 10 4.344586 136
35 650 24 10 3.728671 136
45 650 24 10 3.899102 136
55 650 24 10 4.100723 136
65 650 24 10 4.281987 136
35 750 24 10 3.84437 136
45 750 24 10 4.003941 136
55 750 24 10 4.238919 136
65 750 24 10 4.194906 136
35 850 24 10 3.997542 136
45 850 24 10 3.909256 136
55 850 24 10 4.237924 136
65 850 24 10 4.145774 136
45 950 24 10 3.564083 136
55 950 24 10 4.100601 136
65 950 24 10 4.227231 136
35 350 22 11 0.7268808 51
45 350 22 11 2.307528 51
55 350 22 11 2.979175 51
65 350 22 11 3.242819 51
35 450 22 11 1.614143 51
45 450 22 11 3.067841 51
55 450 22 11 3.659682 51
65 450 22 11 3.56259 51
35 550 22 11 2.540903 51
45 550 22 11 3.694407 51
55 550 22 11 4.07729 51
65 550 22 11 3.991953 51
35 650 22 11 3.149425 51
45 650 22 11 3.995961 51
55 650 22 11 4.319069 51
65 650 22 11 3.859966 51
35 750 22 11 3.222067 51
45 750 22 11 4.275107 51
55 750 22 11 4.474377 51
65 750 22 11 4.251106 51
35 850 22 11 3.085124 51
45 850 22 11 4.569252 51
55 850 22 11 4.782091 51
65 850 22 11 4.751908 51
45 950 22 11 4.751647 51
55 950 22 11 5.140267 51
45 350 23 11 -4.399589 295
55 350 23 11 -3.813481 295
65 350 23 11 -4.034223 295
35 450 23 11 -4.545771 295
45 450 23 11 -4.273516 295
55 450 23 11 -3.193394 295
65 450 23 11 -3.211273 295
35 550 23 11 -4.357278 295
45 550 23 11 -3.741237 295
55 550 23 11 -2.467317 295
65 550 23 11 -1.63007 295
35 650 23 11 -3.829622 295
45 650 23 11 -3.195414 295
55 650 23 11 -1.953731 295
65 650 23 11 -1.936756 295
35 750 23 11 -3.153983 295
45 750 23 11 -2.320244 295
55 750 23 11 -2.092603 295
65 750 23 11 -2.521664 295
35 850 23 11 -2.777682 295
45 850 23 11 -1.708034 295
55 850 23 11 -1.979176 295
65 850 23 11 -2.03123 295
35 950 23 11 -2.515865 295
45 950 23 11 -1.619998 295
55 950 23 11 -1.884645 295
65 950 23 11 -1.690001 295
45 350 24 11 3.177122 137
65 350 24 11 3.835021 137
45 450 24 11 3.273907 137
65 450 24 11 4.247507 137
45 550 24 11 3.577599 137
65 550 24 11 4.417955 137
45 650 24 11 4.092664 137
65 650 24 11 4.365231 137
45 750 24 11 4.511963 137
65 750 24 11 4.209622 137
45 850 24 11 4.547398 137
65 850 24 11 4.245041 137
45 950 24 11 4.232563 137
65 950 24 11 4.285961 137
45 350 23 12 -3.865055 297
55 350 23 12 -3.714778 297
65 350 23 12 -3.760101 297
75 350 23 12 -3.643057 297
45 450 23 12 -3.700797 297
55 450 23 12 -2.959407 297
65 450 23 12 -3.193664 297
75 450 23 12 -3.114913 297
45 550 23 12 -3.350992 297
55 550 23 12 -2.108558 297
65 550 23 12 -2.931329 297
75 550 23 12 -2.931358 297
45 650 23 12 -2.894904 297
55 650 23 12 -0.9035596 297
65 650 23 12 -2.880454 297
75 650 23 12 -2.949342 297
45 750 23 12 -2.481304 297
55 750 23 12 0.7344734 297
65 750 23 12 -2.521625 297
75 750 23 12 -2.729432 297
55 850 23 12 1.815438 297
65 850 23 12 -1.762897 297
75 850 23 12 -1.790926 297
55 950 23 12 4.923913 297
65 950 23 12 -3.279549 297
75 950 23 12 -0.8465655 297
45 350 24 12 3.384183 138
55 350 24 12 3.57786 138
65 350 24 12 3.74753 138.1633
75 350 24 12 3.572166 138
45 450 24 12 3.389262 138
65 450 24 12 4.392112 138.1897
75 450 24 12 4.323652 138
45 550 24 12 3.513314 138
65 550 24 12 4.691306 138.1719
75 550 24 12 4.629095 138
45 650 24 12 3.736283 138
65 650 24 12 4.978671 138.5147
75 650 24 12 4.852555 138
45 750 24 12 3.88778 138
65 750 24 12 5.051888 138.325
75 750 24 12 4.87854 138
65 850 24 12 5.060216 138.4444
75 850 24 12 4.857323 138
65 950 24 12 4.910392 138.1932
75 950 24 12 4.713635 138
35 350 23 13 -3.703418 299.5392
45 350 23 13 -4.160794 299
55 350 23 13 -3.959157 299
65 350 23 13 -3.999366 299
35 450 23 13 -3.858895 299.1087
45 450 23 13 -3.911013 299
55 450 23 13 -3.784403 299
65 450 23 13 -3.469169 299
35 550 23 13 -3.971137 299
45 550 23 13 -3.597571 299
55 550 23 13 -3.437301 299
65 550 23 13 -2.528486 299
35 650 23 13 -3.89129 299
45 650 23 13 -3.298243 299
55 650 23 13 -3.043377 299
65 650 23 13 -1.836902 299
35 750 23 13 -3.590331 299
45 750 23 13 -3.107027 299
55 750 23 13 -2.675623 299
65 750 23 13 -1.548638 299
35 850 23 13 -3.08618 299
45 850 23 13 -2.926974 299
55 850 23 13 -2.072022 299
65 850 23 13 -1.490008 299
35 950 23 13 -1.942602 299
45 950 23 13 -2.514716 299
55 950 23 13 -2.135474 299
35 350 24 13 3.476425 140
45 350 24 13 3.181967 140
55 350 24 13 3.829961 140
65 350 24 13 3.876182 140
35 450 24 13 3.973889 140
45 450 24 13 3.557062 140
55 450 24 13 4.564055 140
65 450 24 13 4.722612 140
35 550 24 13 4.30789 140
45 550 24 13 3.906064 140
55 550 24 13 5.200369 140
65 550 24 13 5.418554 140
35 650 24 13 4.330619 140
45 650 24 13 4.535733 140
55 650 24 13 5.83395 140
65 650 24 13 5.681588 140
35 750 24 13 3.796642 140
45 750 24 13 5.501067 140
55 750 24 13 6.220559 140
65 750 24 13 5.57211 140
35 850 24 13 3.267319 140
45 850 24 13 6.028861 140
55 850 24 13 5.925189 140
35 950 24 13 3.352145 140
45 950 24 13 5.507318 140
55 950 24 13 5.588593 140
