-65 -55 -45 -35 -25 -15 -5 5 15 25 35 45 55 65 75
350 450 550 650 750 850 950
-3.244253 -3.548676 -3.715207 -3.83222 -3.908295 -3.962766 -4.034008
-2.839412 -3.12825 -3.315305 -3.481274 -3.635242 -3.772431 -3.882247
-2.628452 -2.751441 -2.880286 -3.056549 -3.214083 -3.409588 -3.834844
-2.181038 -2.404373 -2.551293 -2.645841 -2.782732 -3.040018 -3.460522
-1.8447 -2.208837 -2.166575 -2.039724 -2.236495 -2.564417 -3.080946
-1.55095 -1.819769 -1.766527 -1.760234 -1.856003 -2.198446 -2.46955
-1.337956 -1.161601 -0.8090249 -0.3712854 -0.1211413 -0.875893 -1.565164
-1.015782 -1.121415 -1.100666 -0.8437494 -0.4150364 -0.3389344 -0.2658554
-0.9848363 -0.8685547 -0.8764257 -0.7703083 -0.3550697 -0.030828 0.624343
-0.4103125 -0.356404 -0.1884381 0.04477904 0.2179759 0.4934347 0.8913358
-0.0910945 0.1350578 0.4074541 0.5804156 0.7955461 0.9420397 1.067427
0.2503958 0.4078093 0.6529808 0.8676253 1.08698 1.343056 1.605612
0.1957254 0.6266156 1.050569 1.392517 1.856055 2.540845 2.765556
-0.06765559 0.4655181 0.7033813 0.7935926 1.194768 1.17283 2.638426
-0.5363732 -0.006137477 0.151804 0.2211872 0.287562 0.4400439 0.7421324
