lat prs camp flt x yday
5 350 21 1 -0.2757559 210
15 350 21 1 -0.4109263 210
25 350 21 1 -0.08594791 210
35 350 21 1 -0.3174172 210
5 450 21 1 -0.3732398 210
15 450 21 1 -0.3495557 210
25 450 21 1 0.1558491 210
5 550 21 1 -0.4500654 210
15 550 21 1 -0.3726335 210
25 550 21 1 0.02053606 210
5 650 21 1 -0.5188615 210
15 650 21 1 -0.4139125 210
25 650 21 1 -0.2444719 210
5 750 21 1 -0.4974438 210
15 750 21 1 -0.4241073 210
5 850 21 1 -0.7350733 210
15 850 21 1 -0.4024973 210
25 850 21 1 -0.2483332 210
5 950 21 1 -0.7724899 210
15 950 21 1 -0.6152456 210
25 950 21 1 -0.841182 210
5 350 22 1 -1.227648 25
15 350 22 1 -0.8909879 25.64151
25 350 22 1 -0.2438493 25.73333
35 350 22 1 0.1092872 25.14894
5 450 22 1 -1.083938 25
15 450 22 1 -0.8836542 25.5
25 450 22 1 -0.4604517 26
35 450 22 1 1.16008 26
5 550 22 1 -1.211261 25
15 550 22 1 -0.9918088 25.51852
25 550 22 1 0.1035071 26
35 550 22 1 2.360106 26
5 650 22 1 -0.6673792 25
15 650 22 1 -0.5519984 25.5
25 650 22 1 1.529515 26
35 650 22 1 3.46489 26
5 750 22 1 -0.7267845 25
15 750 22 1 0.4204644 25.71429
25 750 22 1 2.620487 26
35 750 22 1 3.829469 26
5 850 22 1 -0.4064873 25
15 850 22 1 1.763345 26
25 850 22 1 3.37371 26
35 850 22 1 4.594952 26
5 950 22 1 -0.07855602 25
15 950 22 1 2.517844 26
25 950 22 1 4.414818 26
-5 350 23 1 -1.99351 270
5 350 23 1 -2.273675 270
15 350 23 1 -2.890796 270
25 350 23 1 -2.911614 270
35 350 23 1 -3.167481 270.2581
-5 450 23 1 -2.100802 270
5 450 23 1 -2.390064 270
15 450 23 1 -3.058488 270
25 450 23 1 -3.043985 270
35 450 23 1 -3.290056 270.4923
-5 550 23 1 -2.065235 270
5 550 23 1 -2.710577 270
15 550 23 1 -3.374704 270
25 550 23 1 -3.18045 270
35 550 23 1 -3.388902 270.4688
5 650 23 1 -2.427362 270
15 650 23 1 -3.464924 270
25 650 23 1 -3.422049 270
35 650 23 1 -3.71217 270.4324
5 750 23 1 -2.237334 270
15 750 23 1 -3.367154 270
25 750 23 1 -3.589697 270
35 750 23 1 -3.595739 270.6154
5 850 23 1 -1.873341 270
15 850 23 1 -4.173168 270
25 850 23 1 -4.377692 270
35 850 23 1 -3.217925 270.66
5 950 23 1 -1.73688 270
15 950 23 1 -4.842809 270
25 950 23 1 -4.807407 270
35 950 23 1 -3.016334 270.9
5 350 24 1 0.7594129 113
15 350 24 1 1.534925 113
25 350 24 1 1.721055 113
35 350 24 1 2.282654 113
5 450 24 1 0.7398678 113
15 450 24 1 1.802678 113
25 450 24 1 2.18732 113
35 450 24 1 3.198398 113
5 550 24 1 0.300679 113
15 550 24 1 1.779579 113
25 550 24 1 2.165962 113
35 550 24 1 3.931611 113.3462
5 650 24 1 0.5639973 113
15 650 24 1 1.669713 113
25 650 24 1 2.353283 113
35 650 24 1 4.010318 113.4667
5 750 24 1 1.018584 113
15 750 24 1 1.997113 113
25 750 24 1 2.519393 113
5 850 24 1 1.178413 113
15 850 24 1 2.299126 113
25 850 24 1 2.151636 113
5 950 24 1 1.142115 113
15 950 24 1 3.933982 113
25 950 24 1 5.200825 113
35 350 21 2 -0.2551373 213
45 350 21 2 -0.1618005 213
65 350 21 2 -6.220384 213.1282
75 350 21 2 -7.291976 213
65 450 21 2 -6.378616 213.7614
75 450 21 2 -7.686822 213
65 550 21 2 -7.316134 213
75 550 21 2 -8.143737 213
65 650 21 2 -9.860775 213
75 650 21 2 -8.534548 213
75 750 21 2 -9.177483 213
75 850 21 2 -9.369053 213
75 950 21 2 -9.478818 213
35 350 22 2 0.1271187 28
45 350 22 2 1.20082 28
55 350 22 2 1.904104 28
65 350 22 2 1.52558 29
75 350 22 2 2.527955 29
35 450 22 2 0.2065184 28
45 450 22 2 2.517116 28
55 450 22 2 3.606611 28
65 450 22 2 3.567428 29
75 450 22 2 3.931015 29
35 550 22 2 0.5310323 28
45 550 22 2 2.959582 28
55 550 22 2 4.218284 28
65 550 22 2 4.224444 29
75 550 22 2 4.330121 29
35 650 22 2 0.8176702 28
45 650 22 2 3.248702 28
55 650 22 2 4.515246 28
65 650 22 2 4.555838 29
75 650 22 2 4.709691 29
35 750 22 2 1.35205 28
45 750 22 2 3.732358 28
55 750 22 2 4.689057 28
65 750 22 2 4.802108 29
75 750 22 2 4.945391 29
35 850 22 2 2.114839 28
45 850 22 2 4.225538 28
55 850 22 2 4.782441 28
65 850 22 2 5.113515 29
75 850 22 2 5.633583 29
35 950 22 2 2.532276 28
45 950 22 2 4.200496 28
55 950 22 2 4.855814 28
65 950 22 2 5.348613 29
75 950 22 2 6.430622 29
35 350 23 2 -3.251802 273
45 350 23 2 -3.22672 273
55 350 23 2 -3.415333 273
65 350 23 2 -3.142759 274
75 350 23 2 -2.95657 273.5581
35 450 23 2 -3.30013 273
45 450 23 2 -3.278335 273
55 450 23 2 -3.373579 273
65 450 23 2 -3.426025 274
75 450 23 2 -3.474452 273.5455
35 550 23 2 -3.21169 273
45 550 23 2 -3.263166 273
55 550 23 2 -3.385034 273
65 550 23 2 -3.483036 274
75 550 23 2 -3.567621 273.8421
35 650 23 2 -3.325245 273
45 650 23 2 -3.303973 273
55 650 23 2 -3.559577 273
65 650 23 2 -3.456713 274
75 650 23 2 -3.421725 274
35 750 23 2 -3.885253 273
45 750 23 2 -3.497931 273
55 750 23 2 -3.757563 273
65 750 23 2 -3.333505 274
75 750 23 2 -3.076142 274
35 850 23 2 -3.915336 273
45 850 23 2 -3.913898 273
55 850 23 2 -3.962178 273
75 850 23 2 -2.801443 274
35 950 23 2 -3.95892 273
45 950 23 2 -3.945595 273
55 950 23 2 -4.464131 273
75 950 23 2 -2.581408 274
35 350 24 2 4.125682 116
45 350 24 2 4.127134 116
55 350 24 2 4.397622 116
65 350 24 2 4.898968 117
75 350 24 2 4.525069 116.36
35 450 24 2 4.313506 116
45 450 24 2 4.463067 116
55 450 24 2 5.267646 116
65 450 24 2 5.080314 117
75 450 24 2 5.967815 116.4762
35 550 24 2 4.381996 116
45 550 24 2 4.611516 116
55 550 24 2 5.661073 116
65 550 24 2 6.630611 117
75 550 24 2 6.675654 116.5179
35 650 24 2 4.024155 116
45 650 24 2 4.884285 116
55 650 24 2 5.65181 116
65 650 24 2 6.9971 117
75 650 24 2 7.672575 116.4921
35 750 24 2 4.57813 116
45 750 24 2 5.416158 116
55 750 24 2 6.444888 116
65 750 24 2 7.068632 117
75 750 24 2 7.966099 116.5172
35 850 24 2 5.21854 116
45 850 24 2 6.180032 116
55 850 24 2 6.989462 116
65 850 24 2 7.198485 117
75 850 24 2 7.826435 116.4468
35 950 24 2 5.688342 116
45 950 24 2 6.387298 116
55 950 24 2 7.305258 116
65 950 24 2 7.494569 117
75 950 24 2 8.255489 116.6042
25 350 21 3 -0.9016692 216
35 350 21 3 -1.100204 215.2836
45 350 21 3 -3.553795 215
55 350 21 3 -4.083124 215
65 350 21 3 -5.463176 215
25 450 21 3 -0.6263395 216
35 450 21 3 -0.7190949 215.3061
45 450 21 3 -3.21014 215
55 450 21 3 -4.271886 215
65 450 21 3 -6.713297 215
25 550 21 3 -0.6727756 216
35 550 21 3 -0.9387806 215.4583
45 550 21 3 -2.698967 215
55 550 21 3 -4.774701 215
65 550 21 3 -8.341639 215
25 650 21 3 -0.4898567 216
35 650 21 3 -1.83507 215.2836
45 650 21 3 -2.171078 215
55 650 21 3 -3.911407 215
65 650 21 3 -7.759645 215
25 750 21 3 -0.5883483 216
35 750 21 3 -2.394162 215.5333
45 750 21 3 -1.937151 215
55 750 21 3 -3.014875 215
65 750 21 3 -7.010059 215
35 850 21 3 -3.072272 215.4884
45 850 21 3 -1.908209 215
55 850 21 3 -2.144299 215
65 850 21 3 -7.731981 215
35 950 21 3 -3.310094 215.4865
45 950 21 3 -1.703762 215
55 950 21 3 -2.584505 215
25 350 22 3 0.4374293 32
35 350 22 3 1.55028 32
45 350 22 3 1.836099 31
55 350 22 3 2.177149 31
65 350 22 3 2.217208 31
25 450 22 3 0.2755243 32
35 450 22 3 2.125277 32
45 450 22 3 2.855258 31
55 450 22 3 3.358741 31
65 450 22 3 2.606415 31
25 550 22 3 1.42103 32
35 550 22 3 3.362325 32
45 550 22 3 3.975344 31
55 550 22 3 4.243158 31
65 550 22 3 4.016408 31
25 650 22 3 1.570791 32
35 650 22 3 3.996808 32
45 650 22 3 4.506965 31
55 650 22 3 4.77584 31
65 650 22 3 4.703192 31
15 750 22 3 1.058188 32
25 750 22 3 2.496111 32
35 750 22 3 5.025469 32
45 750 22 3 5.033612 31
55 750 22 3 5.220019 31
65 750 22 3 4.610248 31
15 850 22 3 2.674296 32
25 850 22 3 3.424099 32
35 850 22 3 5.069467 32
45 850 22 3 5.581089 31
55 850 22 3 6.39418 31
65 850 22 3 4.589919 31
15 950 22 3 3.469373 32
25 950 22 3 3.994187 32
35 950 22 3 4.796031 32
45 950 22 3 4.900713 31
55 950 22 3 7.877327 31
25 350 23 3 -3.325373 277
35 350 23 3 -2.657907 276
45 350 23 3 -2.524445 276
55 350 23 3 -3.017167 276
65 350 23 3 -3.486329 276
25 450 23 3 -3.271206 277
35 450 23 3 -2.902264 276
45 450 23 3 -3.087355 276
55 450 23 3 -3.245803 276
65 450 23 3 -3.371815 276
25 550 23 3 -3.370354 276.3438
35 550 23 3 -3.150518 276
45 550 23 3 -3.436663 276
55 550 23 3 -3.430421 276
25 650 23 3 -3.396106 276.45
35 650 23 3 -3.431261 276
45 650 23 3 -3.585659 276
55 650 23 3 -3.150066 276
25 750 23 3 -3.523801 276.4571
35 750 23 3 -3.260551 276
45 750 23 3 -3.54407 276
55 750 23 3 -2.370588 276
25 850 23 3 -3.796902 276.4138
35 850 23 3 -2.525839 276
45 850 23 3 -2.885874 276
55 850 23 3 -0.2082287 276
25 950 23 3 -3.826201 276
35 950 23 3 -2.25686 276
45 950 23 3 -1.115615 276
55 950 23 3 -0.5129707 276
25 350 24 3 4.529987 119
35 350 24 3 4.279058 118
45 350 24 3 3.929194 118
55 350 24 3 2.819315 118
65 350 24 3 2.944135 118
25 450 24 3 3.76191 118.7843
35 450 24 3 4.895155 118
45 450 24 3 3.74028 118
55 450 24 3 3.619697 118
65 450 24 3 3.625195 118
25 550 24 3 3.695295 118.75
35 550 24 3 5.527616 118
45 550 24 3 3.872869 118
55 550 24 3 3.856464 118
65 550 24 3 4.549904 118
25 650 24 3 4.083121 118.6809
35 650 24 3 5.838501 118
45 650 24 3 4.031514 118
55 650 24 3 4.314605 118
65 650 24 3 5.291003 118
25 750 24 3 4.835822 118.6667
35 750 24 3 5.913821 118
45 750 24 3 4.540992 118
55 750 24 3 5.127608 118
25 850 24 3 5.416366 118.6757
35 850 24 3 5.965529 118
45 850 24 3 5.435171 118
55 850 24 3 6.053538 118
15 950 24 3 4.916815 119
25 950 24 3 5.831684 118.7877
35 950 24 3 5.860812 118
45 950 24 3 5.651484 118
55 950 24 3 6.649344 118
-15 350 21 4 -0.768318 219
-5 350 21 4 -0.7011567 218.6834
5 350 21 4 -0.5960013 218
15 350 21 4 -1.069671 218
-15 450 21 4 -0.8177522 219
-5 450 21 4 -0.8297014 218.6023
5 450 21 4 -0.7363966 218
15 450 21 4 -0.6314443 218
-15 550 21 4 -0.9319259 219
-5 550 21 4 -0.7966436 218.5915
5 550 21 4 -0.6152798 218
15 550 21 4 -0.6163684 218
-15 650 21 4 -0.9548566 219
-5 650 21 4 -0.7005695 218.4068
5 650 21 4 -0.561634 218
15 650 21 4 -0.6182311 218
-15 750 21 4 -1.00611 219
-5 750 21 4 -0.6480172 218.525
5 750 21 4 -0.6186061 218
15 750 21 4 -0.7552652 218
-15 850 21 4 -0.9257006 219
-5 850 21 4 -0.7628944 218.4444
5 850 21 4 -0.7649385 218
15 850 21 4 -1.25731 218
-15 950 21 4 -0.8773687 219
-5 950 21 4 -0.7585448 218.4255
5 950 21 4 -0.7553767 218
15 950 21 4 -1.518482 218
-15 350 22 4 -1.045537 34
-5 350 22 4 -0.8983979 33.87179
5 350 22 4 -0.1387218 33
15 350 22 4 0.178457 33
-15 450 22 4 -1.126675 34
-5 450 22 4 -0.9081255 33.79167
5 450 22 4 0.03053416 33
15 450 22 4 -0.2555088 33
-15 550 22 4 -1.199589 34
-5 550 22 4 -0.8525063 33.81429
5 550 22 4 0.09905313 33
15 550 22 4 0.05203619 33
-15 650 22 4 -0.9803238 34
-5 650 22 4 -1.121918 33.79661
5 650 22 4 0.05256558 33
15 650 22 4 0.4384038 33
-15 750 22 4 -0.9207434 34
-5 750 22 4 -1.149162 33.78182
5 750 22 4 -0.3989444 33
15 750 22 4 0.8381628 33
-15 850 22 4 -0.8850061 34
-5 850 22 4 -0.595685 33.76471
5 850 22 4 -0.1168496 33
15 850 22 4 1.169312 33
-15 950 22 4 -0.8455577 34
-5 950 22 4 -0.3879186 33.94286
5 950 22 4 -0.1691729 33
15 950 22 4 1.967338 33
-15 350 23 4 -2.478604 279
-5 350 23 4 -2.539885 279
5 350 23 4 -2.719568 278.2759
15 350 23 4 -3.022865 278
-15 450 23 4 -2.488784 279
-5 450 23 4 -2.592994 279
5 450 23 4 -2.683734 278.5238
15 450 23 4 -3.182489 278
-15 550 23 4 -2.423667 279
-5 550 23 4 -2.521131 279
5 550 23 4 -2.64387 278.4717
15 550 23 4 -3.300144 278
-15 650 23 4 -2.484473 279
-5 650 23 4 -2.438707 279
5 650 23 4 -2.84809 278.5319
15 650 23 4 -3.411275 278
-15 750 23 4 -2.593605 279
-5 750 23 4 -2.508627 279
5 750 23 4 -2.924383 278.475
15 750 23 4 -3.685247 278
-15 850 23 4 -2.710788 279
-5 850 23 4 -2.318454 279
5 850 23 4 -2.50113 278.5
15 850 23 4 -3.88254 278
-15 950 23 4 -2.896904 279
-5 950 23 4 -1.969801 279
5 950 23 4 -2.152173 278.4301
15 950 23 4 -3.944485 278
-15 350 24 4 -1.225016 121
-5 350 24 4 -1.232386 121
5 350 24 4 -0.5281107 120
15 350 24 4 0.7634369 120
-15 450 24 4 -1.46284 121
-5 450 24 4 -1.219898 120.9259
5 450 24 4 -0.8540628 120
15 450 24 4 1.560987 120
-15 550 24 4 -1.316333 121
-5 550 24 4 -0.8030284 120.7049
5 550 24 4 -0.5223843 120
15 550 24 4 0.8949319 120
-15 650 24 4 -1.40123 121
-5 650 24 4 -0.6938174 120.7037
5 650 24 4 -0.2091774 120
15 650 24 4 1.032541 120
-15 750 24 4 -1.558673 121
-5 750 24 4 -0.7435197 120.7059
5 750 24 4 0.03429052 120
15 750 24 4 1.165739 120
-15 850 24 4 -2.505719 121
-5 850 24 4 -0.6570199 120.7073
5 850 24 4 0.2888562 120
15 850 24 4 1.714355 120
-15 950 24 4 -2.832783 121
-5 950 24 4 -0.6660614 120.3785
5 950 24 4 0.9833977 120
15 950 24 4 4.615156 120
-45 350 21 5 -1.940011 220.5319
-35 350 21 5 -1.310773 220
-15 350 21 5 -0.710026 220
-45 450 21 5 -1.964494 220.75
-35 450 21 5 -1.990689 220
-15 450 21 5 -0.8153023 220
-45 550 21 5 -1.91792 220.7818
-35 550 21 5 -2.322282 220
-15 550 21 5 -0.9143933 220
-45 650 21 5 -2.123778 220.9035
-35 650 21 5 -2.487693 220
-25 650 21 5 -1.056222 220
-15 650 21 5 -0.995661 220
-45 750 21 5 -2.401606 221
-35 750 21 5 -2.789152 220
-25 750 21 5 -1.128016 220
-15 750 21 5 -1.113607 220
-45 850 21 5 -2.947598 221
-35 850 21 5 -2.944013 220
-25 850 21 5 -1.231634 220
-15 850 21 5 -1.216445 220
-45 950 21 5 -3.094977 221
-35 950 21 5 -3.091691 220
-25 950 21 5 -2.386879 220
-15 950 21 5 -1.421527 220
-55 350 22 5 -3.298887 36
-45 350 22 5 -2.974072 35.86585
-35 350 22 5 -2.609485 35
-25 350 22 5 -2.188443 35
-15 350 22 5 -1.642909 35
-55 450 22 5 -3.543926 36
-45 450 22 5 -3.015473 36
-35 450 22 5 -2.932636 35
-25 450 22 5 -2.490875 35
-15 450 22 5 -1.861513 35
-55 550 22 5 -3.999828 36
-45 550 22 5 -3.208648 36
-35 550 22 5 -2.967896 35
-25 550 22 5 -1.909939 35
-15 550 22 5 -1.342882 35
-55 650 22 5 -4.492044 36
-45 650 22 5 -3.287696 36
-35 650 22 5 -2.948577 35
-25 650 22 5 -1.263222 35
-15 650 22 5 -1.269084 35
-55 750 22 5 -4.745149 36
-45 750 22 5 -3.012286 36
-35 750 22 5 -2.86819 35
-25 750 22 5 -1.293959 35
-15 750 22 5 -1.296314 35
-55 850 22 5 -4.706639 36
-45 850 22 5 -3.42398 36
-35 850 22 5 -3.075786 35
-25 850 22 5 -1.45136 35
-15 850 22 5 -1.416099 35
-55 950 22 5 -4.730311 36
-45 950 22 5 -4.332202 36
-35 950 22 5 -4.196333 35
-25 950 22 5 -2.239935 35
-55 350 23 5 -2.211591 281
-45 350 23 5 -2.168173 280.8322
-35 350 23 5 -2.055561 280
-25 350 23 5 -1.687401 280
-15 350 23 5 -1.744025 280
-55 450 23 5 -2.291469 281
-45 450 23 5 -2.416615 280.8584
-35 450 23 5 -2.408225 280
-25 450 23 5 -2.041527 280
-15 450 23 5 -2.130051 280
-55 550 23 5 -2.281893 281
-45 550 23 5 -2.664565 280.9023
-35 550 23 5 -2.824823 280
-25 550 23 5 -2.126058 280
-15 550 23 5 -2.077278 280
-55 650 23 5 -2.420031 281
-45 650 23 5 -2.623595 280.8916
-35 650 23 5 -2.346393 280
-25 650 23 5 -2.235874 280
-15 650 23 5 -2.182513 280
-55 750 23 5 -2.666532 281
-45 750 23 5 -2.775884 281
-35 750 23 5 -2.353231 280
-25 750 23 5 -2.407546 280
-15 750 23 5 -2.395547 280
-55 850 23 5 -2.974153 281
-45 850 23 5 -3.08451 281
-35 850 23 5 -2.946864 280
-25 850 23 5 -2.65754 280
-15 850 23 5 -2.677498 280
-55 950 23 5 -3.730253 281
-45 950 23 5 -3.621345 281
-35 950 23 5 -3.478793 280
-25 950 23 5 -3.069704 280
-15 950 23 5 -2.919627 280
-45 350 24 5 -2.788764 123
-35 350 24 5 -2.255258 122.4231
-25 350 24 5 -1.959153 122
-15 350 24 5 -1.92324 122
-45 450 24 5 -2.763401 123
-35 450 24 5 -2.649665 122.6667
-25 450 24 5 -2.289284 122
-15 450 24 5 -1.97071 122
-45 550 24 5 -2.875352 123
-35 550 24 5 -2.949922 122.4615
-25 550 24 5 -2.585347 122
-15 550 24 5 -2.101272 122
-45 650 24 5 -3.181297 123
-35 650 24 5 -3.204795 122.3636
-25 650 24 5 -3.043163 122
-15 650 24 5 -2.473799 122
-45 750 24 5 -3.502387 123
-35 750 24 5 -3.324986 122.3611
-25 750 24 5 -3.419525 122
-15 750 24 5 -2.739477 122
-45 850 24 5 -3.510949 123
-35 850 24 5 -3.705486 122.3714
-25 850 24 5 -3.754277 122
-15 850 24 5 -3.463005 122
-45 950 24 5 -3.749888 123
-35 950 24 5 -3.869495 122.5278
-25 950 24 5 -3.910113 122
-15 950 24 5 -3.622751 122
-65 350 21 6 -2.71614 225
-55 350 21 6 -2.141087 224.7868
-45 350 21 6 -2.172699 224
-65 450 21 6 -2.935655 225
-55 450 21 6 -2.551127 224.875
-45 450 21 6 -2.629878 224
-65 550 21 6 -3.003934 225
-55 550 21 6 -2.794899 224.8427
-45 550 21 6 -2.690188 224
-65 650 21 6 -3.026461 225
-55 650 21 6 -2.903582 224.8642
-45 650 21 6 -2.841006 224
-65 750 21 6 -2.984643 225
-55 750 21 6 -2.976602 224.8571
-45 750 21 6 -2.931964 224
-65 850 21 6 -2.980933 225
-55 850 21 6 -2.998337 224.8451
-45 850 21 6 -2.992836 224
-65 950 21 6 -2.97258 225
-55 950 21 6 -3.017283 224.9554
-45 950 21 6 -3.006775 224
-65 350 22 6 -3.764248 40.60504
-55 350 22 6 -3.269234 40.18254
-45 350 22 6 -3.08774 40
-65 450 22 6 -4.147193 40.63107
-55 450 22 6 -3.801319 40.52439
-45 450 22 6 -2.958578 40
-65 550 22 6 -4.488318 40.65476
-55 550 22 6 -4.069592 40.52857
-45 550 22 6 -3.041472 40
-65 650 22 6 -4.678523 40.67143
-55 650 22 6 -4.063181 40.59375
-45 650 22 6 -3.340821 40
-65 750 22 6 -4.781281 40.66129
-55 750 22 6 -4.301738 40.54
-65 850 22 6 -4.862166 40.65
-55 850 22 6 -4.529779 40.48649
-65 950 22 6 -5.119415 40.56604
-55 950 22 6 -4.694457 40.53623
-65 350 23 6 -2.774239 283.5024
-55 350 23 6 -2.407101 283.3908
-45 350 23 6 -2.309865 283
-65 450 23 6 -3.115039 283.4872
-55 450 23 6 -2.83354 283.4609
-45 450 23 6 -2.609785 283
-65 550 23 6 -3.299601 283.4792
-55 550 23 6 -3.136925 283.6
-45 550 23 6 -2.821004 283
-65 650 23 6 -3.450009 283.425
-55 650 23 6 -3.310489 283.3158
-45 650 23 6 -3.007976 283
-65 750 23 6 -3.482216 283.4545
-55 750 23 6 -3.418013 283.3673
-45 750 23 6 -3.213605 283
-65 850 23 6 -3.481265 283.4865
-55 850 23 6 -3.49313 283.5747
-45 850 23 6 -3.289491 283
-65 950 23 6 -3.485383 283.4028
-55 950 23 6 -3.664352 283.3037
-45 950 23 6 -3.4555 283
-65 350 24 6 -3.328802 126
-55 350 24 6 -3.069839 125.4277
-45 350 24 6 -3.282391 125
-65 450 24 6 -3.603611 126
-55 450 24 6 -3.180852 125.4375
-45 450 24 6 -3.553217 125
-65 550 24 6 -3.707005 126
-55 550 24 6 -3.30927 125.5054
-45 550 24 6 -3.631909 125
-65 650 24 6 -3.800954 126
-55 650 24 6 -3.421533 125.6
-45 650 24 6 -3.717389 125
-65 750 24 6 -3.932075 126
-55 750 24 6 -3.635877 125.5921
-45 750 24 6 -3.968692 125
-65 850 24 6 -4.080669 126
-55 850 24 6 -3.89921 125.5714
-45 850 24 6 -4.039686 125
-65 950 24 6 -4.092228 126
-55 950 24 6 -3.97436 125.5111
-45 950 24 6 -3.962439 125
-55 350 21 7 -2.373249 227
-45 350 21 7 -2.292213 227
-35 350 21 7 -1.347318 227
-25 350 21 7 -1.06015 227
-15 350 21 7 -1.539698 227
-5 350 21 7 -1.570267 227
-55 450 21 7 -2.562274 227
-45 450 21 7 -2.50096 227
-35 450 21 7 -1.499713 227
-25 450 21 7 -1.079346 227
-15 450 21 7 -1.092607 227
-5 450 21 7 -1.055077 227
-55 550 21 7 -2.714569 227
-45 550 21 7 -2.69636 227
-35 550 21 7 -1.493202 227
-25 550 21 7 -1.220775 227
-15 550 21 7 -1.158433 227
-5 550 21 7 -0.8204829 227
-55 650 21 7 -2.75442 227
-45 650 21 7 -2.771759 227
-35 650 21 7 -1.795668 227
-25 650 21 7 -1.563955 227
-15 650 21 7 -0.8497343 227
-5 650 21 7 -0.8800268 227
-55 750 21 7 -2.809157 227
-45 750 21 7 -2.850612 227
-35 750 21 7 -2.362264 227
-25 750 21 7 -1.643576 227
-15 750 21 7 -0.8445347 227
-55 850 21 7 -2.851605 227
-45 850 21 7 -2.863625 227
-35 850 21 7 -2.637638 227
-25 850 21 7 -2.130988 227
-15 850 21 7 -1.031811 227
-55 950 21 7 -2.823483 227
-45 950 21 7 -2.901827 227
-35 950 21 7 -2.544869 227
-25 950 21 7 -2.51178 227
-15 950 21 7 -0.9942122 227
-55 350 22 7 -2.783453 43
-45 350 22 7 -2.769005 43
-35 350 22 7 -2.827045 43
-25 350 22 7 -2.440269 43
-15 350 22 7 -2.199329 43
-5 350 22 7 -0.3205695 43
-55 450 22 7 -3.063215 43
-45 450 22 7 -2.807446 43
-35 450 22 7 -2.617918 43
-25 450 22 7 -3.999552 43
-15 450 22 7 -3.8913 43
-5 450 22 7 -2.013088 43
-55 550 22 7 -3.553552 43
-45 550 22 7 -3.045446 43
-35 550 22 7 -2.573835 43
-25 550 22 7 -3.656641 43
-15 550 22 7 -3.078758 43
-5 550 22 7 0.1114224 43
-55 650 22 7 -3.80701 43
-45 650 22 7 -3.228222 43
-35 650 22 7 -2.80239 43
-25 650 22 7 -2.68685 43
-15 650 22 7 -2.453398 43
-5 650 22 7 2.04855 43
-55 750 22 7 -3.988278 43
-45 750 22 7 -3.624234 43
-35 750 22 7 -2.89525 43
-25 750 22 7 -2.971445 43
-15 750 22 7 -3.014315 43
-5 750 22 7 2.262825 43
-55 850 22 7 -4.231712 43
-45 850 22 7 -3.822428 43
-35 850 22 7 -3.179163 43
-15 850 22 7 -3.156717 43
-5 850 22 7 -0.593191 43
-55 950 22 7 -4.263355 43
-45 950 22 7 -4.400106 43
-35 950 22 7 -3.489047 43
-15 950 22 7 -3.195475 43
-5 950 22 7 -2.715283 43
-65 350 23 7 -2.996489 286
-55 350 23 7 -2.762434 286
-65 450 23 7 -3.209397 286
-55 450 23 7 -3.152509 286
-65 550 23 7 -3.318827 286
-55 550 23 7 -3.285775 286
-65 650 23 7 -3.414093 286
-55 650 23 7 -3.334801 286
-65 750 23 7 -3.477478 286
-55 750 23 7 -3.363764 286
-65 850 23 7 -3.443415 286
-55 850 23 7 -3.567973 286
-65 950 23 7 -3.434269 286
-55 950 23 7 -3.52537 286
-65 350 24 7 -3.489272 128
-55 350 24 7 -3.005556 128
-65 450 24 7 -3.818639 128
-55 450 24 7 -3.287516 128
-65 550 24 7 -3.875664 128
-55 550 24 7 -3.497173 128
-65 650 24 7 -3.949041 128
-55 650 24 7 -3.797746 128
-65 750 24 7 -4.073728 128
-55 750 24 7 -3.922177 128
-65 850 24 7 -4.19509 128
-55 850 24 7 -3.994587 128
-65 950 24 7 -4.242311 128
-55 950 24 7 -3.900342 128
-5 350 21 8 -1.709645 229
5 350 21 8 -2.665107 229
15 350 21 8 -3.524352 229
25 350 21 8 -2.777993 229
35 350 21 8 -2.110011 229
-5 450 21 8 -1.472128 229
5 450 21 8 -2.832528 229
15 450 21 8 -3.536844 229
25 450 21 8 -2.505493 229
35 450 21 8 -2.407722 229
-5 550 21 8 -0.9713134 229
5 550 21 8 -2.787022 229
15 550 21 8 -3.392275 229
25 550 21 8 -2.686111 229
35 550 21 8 -2.47848 229
-5 650 21 8 -0.6496431 229
5 650 21 8 -2.12094 229
15 650 21 8 -3.755526 229
25 650 21 8 -3.16076 229
35 650 21 8 -2.678623 229
-5 750 21 8 1.540611 229
5 750 21 8 -1.721324 229
15 750 21 8 -3.746334 229
25 750 21 8 -3.774045 229
35 750 21 8 -3.301769 229
-5 850 21 8 0.530163 229
5 850 21 8 -1.077727 229
15 850 21 8 -3.390087 229
25 850 21 8 -3.832757 229
35 850 21 8 -3.94686 229
-5 950 21 8 -1.018472 229
5 950 21 8 -0.3131924 229
15 950 21 8 -3.228497 229
25 950 21 8 -5.18249 229
35 950 21 8 -5.103842 229
-5 350 22 8 -1.585868 45
5 350 22 8 0.07751648 45
15 350 22 8 0.2433412 45
25 350 22 8 0.3624341 45
35 350 22 8 0.5248483 45
-5 450 22 8 0.4357584 45
5 450 22 8 0.1051435 45
15 450 22 8 0.4071471 45
25 450 22 8 0.7356263 45
35 450 22 8 0.4111552 45
-5 550 22 8 0.5604865 45
5 550 22 8 0.9723557 45
15 550 22 8 0.8937677 45
25 550 22 8 0.9643262 45
35 550 22 8 0.4336288 45
-5 650 22 8 1.565009 45
5 650 22 8 1.796684 45
15 650 22 8 0.7804319 45
25 650 22 8 1.381262 45
35 650 22 8 1.052147 45
-5 750 22 8 2.999813 45
5 750 22 8 4.609523 45
15 750 22 8 1.257942 45
25 750 22 8 1.402388 45
35 750 22 8 2.410818 45
-5 850 22 8 0.5812233 45
5 850 22 8 4.131476 45
15 850 22 8 1.175588 45
25 850 22 8 2.1636 45
35 850 22 8 3.648033 45
-5 950 22 8 -1.862424 45
5 950 22 8 2.917075 45
15 950 22 8 2.910617 45
25 950 22 8 3.129178 45
35 950 22 8 4.357281 45
-55 350 23 8 -2.769051 289
-45 350 23 8 -2.23338 289
-35 350 23 8 -2.274405 289
-25 350 23 8 -2.288229 289
-15 350 23 8 -1.954735 289
-5 350 23 8 -2.389769 289
-55 450 23 8 -3.14123 289
-45 450 23 8 -2.355502 289
-35 450 23 8 -2.17147 289
-25 450 23 8 -2.183508 289
-15 450 23 8 -1.907141 289
-5 450 23 8 -0.1194003 289
-45 550 23 8 -2.400825 289
-35 550 23 8 -2.168889 289
-25 550 23 8 -2.041378 289
-15 550 23 8 -2.245305 289
-5 550 23 8 0.4206434 289
-45 650 23 8 -2.772422 289
-35 650 23 8 -2.311396 289
-25 650 23 8 -1.993748 289
-15 650 23 8 -2.238664 289
-5 650 23 8 0.08631006 289
-45 750 23 8 -2.924133 289
-35 750 23 8 -2.578887 289
-25 750 23 8 -1.93693 289
-15 750 23 8 -1.663142 289
-5 750 23 8 0.1696282 289
-45 850 23 8 -3.074484 289
-35 850 23 8 -2.907775 289
-25 850 23 8 -3.199905 289
-15 850 23 8 -2.927512 289
-5 850 23 8 -0.8698743 289
-45 950 23 8 -4.297144 289
-35 950 23 8 -3.830689 289
-25 950 23 8 -3.787372 289
-15 950 23 8 -3.231269 289
-5 950 23 8 -2.108027 289
-55 350 24 8 -3.550552 131
-45 350 24 8 -3.1577 131
-35 350 24 8 -2.210179 131
-25 350 24 8 -1.359478 131
-15 350 24 8 -0.9600331 131
-5 350 24 8 -0.2149862 131
-55 450 24 8 -3.718717 131
-45 450 24 8 -3.223703 131
-35 450 24 8 -2.586401 131
-25 450 24 8 -1.539192 131
-15 450 24 8 -1.417564 131
-5 450 24 8 -0.6066738 131
-55 550 24 8 -3.676261 131
-45 550 24 8 -3.277435 131
-35 550 24 8 -2.832792 131
-25 550 24 8 -1.74984 131
-15 550 24 8 -1.919647 131
-5 550 24 8 -1.556487 131
-55 650 24 8 -3.811333 131
-45 650 24 8 -3.462324 131
-35 650 24 8 -3.058456 131
-25 650 24 8 -2.323661 131
-15 650 24 8 -2.612219 131
-5 650 24 8 -1.918957 131
-55 750 24 8 -3.956926 131
-45 750 24 8 -3.601469 131
-35 750 24 8 -3.027731 131
-25 750 24 8 -2.972462 131
-15 750 24 8 -2.885336 131
-5 750 24 8 -1.787407 131
-55 850 24 8 -4.027426 131
-45 850 24 8 -3.791051 131
-35 850 24 8 -2.815054 131
-25 850 24 8 -3.508687 131
-15 850 24 8 -3.28148 131
-55 950 24 8 -4.120663 131
-45 950 24 8 -3.796549 131
-35 950 24 8 -2.71253 131
-25 950 24 8 -3.666906 131
-15 950 24 8 -3.425207 131
45 350 21 9 -2.218187 232
55 350 21 9 -5.638609 232
65 350 21 9 -5.259321 232
75 350 21 9 -5.998547 232
35 450 21 9 -2.170353 232
45 450 21 9 -2.702855 232
55 450 21 9 -5.101081 232
65 450 21 9 -6.456716 232
75 450 21 9 -7.175902 232
35 550 21 9 -2.465593 232
45 550 21 9 -4.237969 232
65 550 21 9 -6.716346 232
75 550 21 9 -7.830852 232
35 650 21 9 -2.650307 232
45 650 21 9 -5.063585 232
65 650 21 9 -7.495099 232
75 650 21 9 -8.990503 232
45 750 21 9 -6.090535 232
65 750 21 9 -8.903143 232
75 750 21 9 -9.068695 232
45 850 21 9 -6.678415 232
65 850 21 9 -8.3487 232
75 850 21 9 -9.942597 232
45 950 21 9 -6.426396 232
75 950 21 9 -10.28953 232
35 350 22 9 0.6040257 48
45 350 22 9 0.7130434 48
55 350 22 9 2.342784 48
65 350 22 9 2.273217 48
75 350 22 9 2.519793 48
35 450 22 9 0.6933101 48
45 450 22 9 0.6241969 48
55 450 22 9 2.404919 48
65 450 22 9 3.947763 48
75 450 22 9 3.716189 48
35 550 22 9 0.935053 48
45 550 22 9 0.6935076 48
55 550 22 9 2.686111 48
65 550 22 9 3.729538 48
75 550 22 9 4.036128 48
35 650 22 9 1.963415 48
45 650 22 9 1.235352 48
55 650 22 9 2.675893 48
65 650 22 9 3.922475 48
75 650 22 9 4.282317 48
35 750 22 9 2.935489 48
45 750 22 9 1.789086 48
55 750 22 9 2.876254 48
65 750 22 9 4.353212 48
75 750 22 9 4.608281 48
35 850 22 9 3.727907 48
45 850 22 9 3.015863 48
55 850 22 9 3.471936 48
65 850 22 9 5.193752 48
75 850 22 9 5.606777 48
35 950 22 9 4.240293 48
45 950 22 9 4.212852 48
55 950 22 9 4.555993 48
65 950 22 9 6.364794 48
75 950 22 9 5.0672 48
-5 350 23 9 -2.89382 291
5 350 23 9 -3.288605 291
15 350 23 9 -3.720418 291
-5 450 23 9 -2.334719 291
5 450 23 9 -3.19972 291
15 450 23 9 -3.794474 291
-5 550 23 9 -1.292862 291
5 550 23 9 -3.41437 291
15 550 23 9 -4.220035 291
-5 650 23 9 0.643337 291
5 650 23 9 -2.901051 291
15 650 23 9 -3.903483 291
-5 750 23 9 -0.06825001 291
5 750 23 9 -3.708105 291
15 750 23 9 -3.781392 291
-5 850 23 9 -2.434895 291
5 850 23 9 -3.481233 291
15 850 23 9 -3.219208 291
-5 950 23 9 -2.204764 291
5 950 23 9 -4.589022 291
15 950 23 9 -2.707198 291
-5 350 24 9 -0.1926614 133
5 350 24 9 0.6445119 133
15 350 24 9 0.8635046 133
25 350 24 9 2.038483 133
35 350 24 9 2.591246 133
-5 450 24 9 -0.886824 133
5 450 24 9 0.7096186 133
15 450 24 9 1.541808 133
25 450 24 9 2.086469 133
35 450 24 9 2.994329 133
-5 550 24 9 -0.9696444 133
5 550 24 9 0.8033128 133
15 550 24 9 2.187995 133
25 550 24 9 2.092962 133
35 550 24 9 3.270408 133
-5 650 24 9 -1.716869 133
5 650 24 9 0.9145022 133
15 650 24 9 2.78428 133
25 650 24 9 2.543477 133
35 650 24 9 4.082654 133
-5 750 24 9 -1.790005 133
5 750 24 9 2.751094 133
15 750 24 9 4.583582 133
25 750 24 9 3.163714 133
35 750 24 9 4.582744 133
-5 850 24 9 -1.913362 133
5 850 24 9 2.239742 133
15 850 24 9 5.251285 133
25 850 24 9 4.092639 133
-5 950 24 9 -2.194921 133
5 950 24 9 2.644885 133
15 950 24 9 4.342846 133
25 950 24 9 4.523392 133
65 350 22 10 0.7351063 49
75 350 22 10 1.826397 49
65 450 22 10 3.417733 49
75 450 22 10 3.590352 49
65 550 22 10 3.798946 49
75 550 22 10 4.440391 49
65 650 22 10 4.194938 49
75 650 22 10 5.15393 49
65 750 22 10 5.350493 49
75 750 22 10 5.87194 49
65 850 22 10 6.546098 49
75 850 22 10 6.070125 49
65 950 22 10 6.781841 49
75 950 22 10 7.20795 49
15 350 23 10 -3.482367 292
25 350 23 10 -3.70555 292
35 350 23 10 -3.11353 292
5 450 23 10 -3.942129 292
15 450 23 10 -3.617437 292
25 450 23 10 -3.387866 292
35 450 23 10 -2.987815 292
5 550 23 10 -4.324031 292
15 550 23 10 -3.866738 292
25 550 23 10 -3.157685 292
35 550 23 10 -2.771236 292
5 650 23 10 -4.448866 292
15 650 23 10 -3.80384 292
25 650 23 10 -3.044792 292
35 650 23 10 -2.400768 292
5 750 23 10 -4.108819 292
15 750 23 10 -3.381763 292
25 750 23 10 -3.075683 292
35 750 23 10 -2.272362 292
5 850 23 10 -4.291062 292
15 850 23 10 -3.313762 292
25 850 23 10 -2.562955 292
35 850 23 10 -2.074986 292
5 950 23 10 -3.241186 292
15 950 23 10 -2.405695 292
25 950 23 10 -2.285983 292
35 950 23 10 -2.032633 292
45 350 24 10 3.362235 136
55 350 24 10 3.345838 136
65 350 24 10 3.491568 136
35 450 24 10 3.564199 136
45 450 24 10 3.279994 136
55 450 24 10 3.471289 136
65 450 24 10 4.482854 136
35 550 24 10 3.697203 136
45 550 24 10 3.909044 136
55 550 24 10 3.808971 136
65 550 24 10 4.945051 136
35 650 24 10 3.616808 136
45 650 24 10 4.126622 136
55 650 24 10 3.979029 136
65 650 24 10 5.138284 136
35 750 24 10 3.89242 136
45 750 24 10 4.108387 136
55 750 24 10 4.42978 136
65 750 24 10 5.308287 136
35 850 24 10 4.164376 136
45 850 24 10 4.25338 136
55 850 24 10 4.820282 136
65 850 24 10 5.559369 136
45 950 24 10 4.109421 136
55 950 24 10 4.562082 136
65 950 24 10 5.575176 136
35 350 22 11 0.2002632 51
45 350 22 11 2.514645 51
55 350 22 11 3.477841 51
65 350 22 11 3.864512 51
35 450 22 11 1.228943 51
45 450 22 11 3.317662 51
55 450 22 11 4.068241 51
65 450 22 11 4.202228 51
35 550 22 11 2.402388 51
45 550 22 11 4.056657 51
55 550 22 11 4.371115 51
65 550 22 11 4.450158 51
35 650 22 11 3.670984 51
45 650 22 11 4.29593 51
55 650 22 11 4.775806 51
65 650 22 11 4.775281 51
35 750 22 11 3.395879 51
45 750 22 11 4.433899 51
55 750 22 11 4.671618 51
65 750 22 11 4.804106 51
35 850 22 11 3.064496 51
45 850 22 11 4.671863 51
55 850 22 11 5.176439 51
65 850 22 11 5.746248 51
45 950 22 11 4.774675 51
55 950 22 11 5.524539 51
45 350 23 11 -2.941485 295
55 350 23 11 -2.219322 295
65 350 23 11 -2.447035 295
35 450 23 11 -2.970665 295
45 450 23 11 -2.88392 295
55 450 23 11 -2.121859 295
65 450 23 11 -1.954634 295
35 550 23 11 -2.930945 295
45 550 23 11 -2.579766 295
55 550 23 11 -1.781048 295
65 550 23 11 -0.8205359 295
35 650 23 11 -2.787734 295
45 650 23 11 -2.271528 295
55 650 23 11 -1.365155 295
65 650 23 11 -0.5650099 295
35 750 23 11 -2.546657 295
45 750 23 11 -1.651736 295
55 750 23 11 -1.552463 295
65 750 23 11 -1.29671 295
35 850 23 11 -2.424032 295
45 850 23 11 -1.228569 295
55 850 23 11 -2.013846 295
65 850 23 11 -1.353913 295
35 950 23 11 -1.923259 295
45 950 23 11 -1.26878 295
55 950 23 11 -2.281939 295
65 950 23 11 -1.096206 295
45 350 24 11 3.767466 137
65 350 24 11 3.763903 137
45 450 24 11 3.783537 137
65 450 24 11 4.509895 137
45 550 24 11 4.026509 137
65 550 24 11 5.32093 137
45 650 24 11 4.674848 137
65 650 24 11 5.471656 137
45 750 24 11 5.104545 137
65 750 24 11 5.546622 137
45 850 24 11 5.410516 137
65 850 24 11 5.642331 137
45 950 24 11 6.504718 137
65 950 24 11 5.673874 137
45 350 23 12 -2.563685 297
55 350 23 12 -2.674235 297
65 350 23 12 -2.271321 297
75 350 23 12 -2.15645 297
45 450 23 12 -2.566442 297
55 450 23 12 -2.179536 297
65 450 23 12 -1.977216 297
75 450 23 12 -1.676972 297
45 550 23 12 -2.333692 297
55 550 23 12 -1.756255 297
65 550 23 12 -1.82371 297
75 550 23 12 -1.545693 297
45 650 23 12 -2.270434 297
55 650 23 12 -1.072714 297
65 650 23 12 -1.522868 297
75 650 23 12 -1.950483 297
45 750 23 12 -2.102497 297
55 750 23 12 0.8366627 297
65 750 23 12 -2.302214 297
75 750 23 12 -2.610982 297
55 850 23 12 3.099662 297
65 850 23 12 -2.19112 297
75 850 23 12 -2.481124 297
55 950 23 12 4.726473 297
65 950 23 12 -2.479706 297
75 950 23 12 -2.055184 297
45 350 24 12 3.234991 138
55 350 24 12 3.512472 138
65 350 24 12 4.179017 138.1633
75 350 24 12 3.776523 138
45 450 24 12 3.574506 138
65 450 24 12 5.13535 138.1897
75 450 24 12 4.68407 138
45 550 24 12 4.30113 138
65 550 24 12 5.388167 138.1719
75 550 24 12 5.064972 138
45 650 24 12 4.408202 138
65 650 24 12 5.682324 138.5147
75 650 24 12 5.389044 138
45 750 24 12 4.225955 138
65 750 24 12 5.830525 138.325
75 750 24 12 5.562007 138
65 850 24 12 6.018132 138.4444
75 850 24 12 5.911348 138
65 950 24 12 5.8102 138.1932
75 950 24 12 6.677982 138
35 350 23 13 -2.731072 299.5392
45 350 23 13 -3.043524 299
55 350 23 13 -2.7861 299
65 350 23 13 -2.522066 299
35 450 23 13 -2.679608 299.1087
45 450 23 13 -2.960067 299
55 450 23 13 -2.689887 299
65 450 23 13 -2.270908 299
35 550 23 13 -2.762043 299
45 550 23 13 -2.745876 299
55 550 23 13 -2.581524 299
65 550 23 13 -1.597771 299
35 650 23 13 -2.951075 299
45 650 23 13 -2.499922 299
55 650 23 13 -2.212702 299
65 650 23 13 -1.296281 299
35 750 23 13 -2.837103 299
45 750 23 13 -2.231179 299
55 750 23 13 -2.075465 299
65 750 23 13 -0.8725292 299
35 850 23 13 -2.628377 299
45 850 23 13 -2.266704 299
55 850 23 13 -1.298758 299
65 850 23 13 -0.6033082 299
35 950 23 13 -2.099124 299
45 950 23 13 -2.336321 299
55 950 23 13 -0.6627424 299
35 350 24 13 3.280217 140
45 350 24 13 2.963973 140
55 350 24 13 4.143258 140
65 350 24 13 4.438636 140
35 450 24 13 3.557812 140
45 450 24 13 3.466508 140
55 450 24 13 5.319237 140
65 450 24 13 5.744368 140
35 550 24 13 4.195325 140
45 550 24 13 4.108258 140
55 550 24 13 6.074556 140
65 550 24 13 6.385206 140
35 650 24 13 4.145404 140
45 650 24 13 4.74714 140
55 650 24 13 6.50705 140
65 650 24 13 6.336042 140
35 750 24 13 3.631263 140
45 750 24 13 5.381198 140
55 750 24 13 6.620051 140
65 750 24 13 6.077896 140
35 850 24 13 3.385841 140
45 850 24 13 6.136357 140
55 850 24 13 6.588985 140
35 950 24 13 3.718647 140
45 950 24 13 5.994506 140
55 950 24 13 6.182821 140
