-65 -55 -45 -35 -25 -15 -5 5 15 25 35 45 55 65 75
350 450 550 650 750 850 950
-3.119249 -3.356312 -3.528092 -3.670887 -3.843733 -3.950178 -4.064763
-2.788707 -3.089235 -3.258623 -3.424668 -3.610089 -3.80068 -3.902096
-2.641185 -2.742841 -2.860536 -3.013352 -3.186779 -3.382781 -3.54535
-2.266809 -2.426324 -2.548633 -2.661313 -2.804667 -3.014396 -3.573584
-2.121035 -2.425042 -2.454296 -2.338208 -2.3176 -2.56219 -2.931769
-1.780298 -2.020909 -2.119516 -1.940807 -1.949384 -2.305148 -2.523487
-1.521853 -1.384113 -1.004362 -0.6575892 -0.6446722 -1.099959 -1.649164
-1.101313 -1.163633 -1.103238 -0.8832094 -0.7325599 -0.6012843 -0.4531389
-0.8626679 -0.774962 -0.7620286 -0.8236779 -0.6240354 -0.1002321 0.4918111
-0.4707482 -0.2905788 -0.09219921 0.1515081 0.3926928 0.7119566 1.016642
-0.1253938 0.09310537 0.3306969 0.4197828 0.736891 0.7900272 0.8912807
0.2989425 0.548243 0.7470982 0.8932871 1.128994 1.187839 1.894289
0.1632224 0.5808014 1.077847 1.494226 1.928226 2.359569 2.992601
0.03535891 0.3456205 0.6122555 0.7302497 1.181978 1.185699 3.348853
-0.5263444 0.01347278 0.14268 0.2251376 0.4303075 0.5426247 0.7203162
