-65 -55 -45 -35 -25 -15 -5 5 15 25 35 45 55 65 75
350 450 550 650 750 850 950
1.118119 1.193663 1.368027 1.559562 1.836618 2.015449 2.344039
1.13701 1.200225 1.305861 1.493116 1.700646 1.878621 1.745209
1.154657 1.105484 1.106632 1.059111 1.199108 1.018057 1.149807
1.316472 1.173199 1.018773 0.8484932 0.5484476 0.4833791 1.448365
1.798151 2.334061 1.894176 1.319428 1.612187 1.268898 0.9459183
1.382045 1.81454 1.795148 1.019255 1.126587 0.848474 1.114029
1.968734 0.6628924 1.359247 2.286866 2.257608 0.7165625 0.7307438
3.150882 3.451051 3.731212 3.958837 4.757843 4.72962 4.414201
4.948553 5.507482 5.438477 5.660893 6.179693 6.804051 8.204651
5.832203 6.47476 6.529962 6.948917 7.681571 8.702946 10.724
6.648772 7.211315 7.734409 8.701694 9.161248 9.42702 9.43639
7.44998 8.084376 8.68522 9.237013 9.870799 10.84015 10.36404
8.488661 9.010694 8.899787 8.974692 8.722663 8.761064 8.70755
9.237323 10.69058 11.7649 12.50873 12.8001 14.4175 11.37168
9.555674 11.29999 12.24867 13.56609 14.4075 14.95567 15.08392
