-65 -55 -45 -35 -25 -15 -5 5 15 25 35 45 55 65 75
350 450 550 650 750 850 950
1.54768 2.309843 2.743581 2.98707 3.350191 4.12867 5.516539
1.089562 1.41099 1.73038 2.244367 2.530169 2.847836 2.821512
0.7660938 0.7933103 0.7777902 0.876169 1.212327 1.159793 2.010811
0.8517558 0.974591 0.8591758 0.9570276 1.165459 1.193073 1.468098
1.49106 2.352928 1.872421 1.31194 1.222714 1.242972 1.529266
0.9858609 1.469344 1.377563 0.9088371 0.8545734 1.15514 1.445737
1.971156 1.143357 0.6230838 2.034262 2.1129 0.5960052 0.530205
3.237306 3.844993 4.052471 3.845916 4.48077 4.81039 4.454566
5.102039 5.594293 5.622554 5.388193 6.034445 6.539029 7.626249
6.049243 6.164292 6.134116 6.204043 6.937884 8.062634 9.159225
6.5181 6.861975 7.265388 7.766979 8.746068 9.237544 9.076836
6.876749 7.265887 7.682164 8.015619 8.241618 8.65531 8.264907
8.240447 8.697856 8.446711 8.617557 8.687172 8.576798 8.233917
9.33109 10.23755 11.35858 11.62284 11.04858 12.57342 9.775461
9.101726 10.63921 11.34605 12.24188 12.72775 13.31544 14.69597
