-65 -55 -45 -35 -25 -15 -5 5 15 25 35 45 55 65 75
350 450 550 650 750 850 950
-3.464861 -3.574869 -3.648694 -3.716855 -3.772512 -3.809153 -3.87402
-3.24712 -3.384312 -3.46208 -3.537093 -3.600491 -3.693352 -3.752313
-3.125166 -3.165874 -3.211079 -3.276155 -3.368162 -3.490047 -3.719737
-2.807481 -2.932371 -2.98095 -3.062483 -3.173023 -3.320178 -3.49608
-2.368019 -2.565731 -2.669533 -2.647767 -2.714118 -2.757624 -2.907213
-1.831006 -2.032354 -2.079937 -2.065106 -2.155468 -2.302535 -2.50843
-1.444747 -1.194798 -1.030818 -0.609597 -0.5055268 -1.017004 -1.489466
-1.175608 -1.136838 -1.005967 -0.863006 -0.744095 -0.6719214 -0.70065
-0.8920493 -0.8974338 -0.8765679 -0.7583109 -0.5055712 -0.2495576 -0.03112794
-0.4330386 -0.3255519 -0.2140327 -0.1137286 -0.06465039 0.11382 0.1139845
-0.03414374 0.1649103 0.2603508 0.2783597 0.449245 0.4360869 0.3918355
0.1421723 0.2961504 0.3659471 0.4550215 0.6289987 0.7207832 0.892685
-0.07009917 0.3228281 0.732927 0.8937433 1.075197 1.244331 1.29458
-0.265975 0.06542187 0.1487617 0.2477129 0.5905215 0.6173896 2.430766
-1.019626 -0.531948 -0.4004891 -0.2882215 -0.2417219 -0.2445831 0.1208063
