lat prs camp flt x yday
5 350 21 1 -0.2921952 210
15 350 21 1 -0.2771201 210
25 350 21 1 0.05996017 210
35 350 21 1 -0.1595486 210
5 450 21 1 -0.317072 210
15 450 21 1 -0.2254557 210
25 450 21 1 0.1424791 210
5 550 21 1 -0.3861466 210
15 550 21 1 -0.2873148 210
25 550 21 1 0.1663106 210
5 650 21 1 -0.5961461 210
15 650 21 1 -0.3324243 210
25 650 21 1 0.1154721 210
5 750 21 1 -0.8707247 210
15 750 21 1 -0.3876675 210
5 850 21 1 -1.165164 210
15 850 21 1 -0.5119958 210
25 850 21 1 -0.2580986 210
5 950 21 1 -1.342576 210
15 950 21 1 -0.6422379 210
25 950 21 1 -1.437431 210
5 350 22 1 -1.31443 25
15 350 22 1 -0.5735822 25.64151
25 350 22 1 0.3940968 25.73333
35 350 22 1 1.010969 25.14894
5 450 22 1 -1.175985 25
15 450 22 1 -0.8929275 25.5
25 450 22 1 -0.03669553 26
35 450 22 1 1.959085 26
5 550 22 1 -1.073089 25
15 550 22 1 -0.7127791 25.51852
25 550 22 1 0.3814042 26
35 550 22 1 2.626026 26
5 650 22 1 -0.7275667 25
15 650 22 1 0.009192514 25.5
25 650 22 1 0.9169893 26
35 650 22 1 3.121402 26
5 750 22 1 -0.5657193 25
15 750 22 1 0.6439287 25.71429
25 750 22 1 1.972116 26
35 750 22 1 3.929322 26
5 850 22 1 -0.4152518 25
15 850 22 1 1.565405 26
25 850 22 1 3.386434 26
35 850 22 1 5.496432 26
5 950 22 1 -0.43561 25
15 950 22 1 2.052031 26
25 950 22 1 4.091218 26
-5 350 23 1 -2.46081 270
5 350 23 1 -2.735627 270
15 350 23 1 -3.073615 270
25 350 23 1 -2.993765 270
35 350 23 1 -3.71246 270.2581
-5 450 23 1 -2.444502 270
5 450 23 1 -2.673568 270
15 450 23 1 -3.302019 270
25 450 23 1 -3.138049 270
35 450 23 1 -3.94422 270.4923
-5 550 23 1 -2.470657 270
5 550 23 1 -2.72494 270
15 550 23 1 -3.482815 270
25 550 23 1 -3.452761 270
35 550 23 1 -4.228208 270.4688
5 650 23 1 -2.69282 270
15 650 23 1 -3.680228 270
25 650 23 1 -3.716795 270
35 650 23 1 -4.427513 270.4324
5 750 23 1 -2.59359 270
15 750 23 1 -4.129345 270
25 750 23 1 -4.161002 270
35 750 23 1 -4.355947 270.6154
5 850 23 1 -2.370236 270
15 850 23 1 -4.738823 270
25 850 23 1 -4.884557 270
35 850 23 1 -4.128411 270.66
5 950 23 1 -2.169336 270
15 950 23 1 -5.0695 270
25 950 23 1 -4.997223 270
35 950 23 1 -3.173044 270.9
5 350 24 1 0.9823201 113
15 350 24 1 1.435925 113
25 350 24 1 1.946302 113
35 350 24 1 2.550328 113
5 450 24 1 0.9412424 113
15 450 24 1 1.648131 113
25 450 24 1 2.148069 113
35 450 24 1 2.977933 113
5 550 24 1 0.8583329 113
15 550 24 1 1.593499 113
25 550 24 1 2.257305 113
35 550 24 1 3.256772 113.3462
5 650 24 1 0.8708949 113
15 650 24 1 1.590118 113
25 650 24 1 2.126453 113
35 650 24 1 3.396598 113.4667
5 750 24 1 1.264076 113
15 750 24 1 1.851299 113
25 750 24 1 1.950669 113
5 850 24 1 1.121917 113
15 850 24 1 2.190575 113
25 850 24 1 2.070048 113
5 950 24 1 0.904599 113
15 950 24 1 2.753788 113
25 950 24 1 3.542727 113
35 350 21 2 -0.2835008 213
45 350 21 2 -1.422928 213
65 350 21 2 -7.345197 213.1282
75 350 21 2 -7.984096 213
65 450 21 2 -6.579834 213.7614
75 450 21 2 -8.51003 213
65 550 21 2 -7.929423 213
75 550 21 2 -8.670337 213
65 650 21 2 -8.906809 213
75 650 21 2 -8.660711 213
75 750 21 2 -8.943722 213
75 850 21 2 -9.216679 213
75 950 21 2 -9.189812 213
35 350 22 2 0.8433268 28
45 350 22 2 1.831321 28
55 350 22 2 2.361767 28
65 350 22 2 2.550838 29
75 350 22 2 2.371723 29
35 450 22 2 1.035735 28
45 450 22 2 2.426037 28
55 450 22 2 3.788761 28
65 450 22 2 3.683876 29
75 450 22 2 3.805728 29
35 550 22 2 1.343837 28
45 550 22 2 2.491225 28
55 550 22 2 4.400066 28
65 550 22 2 4.097877 29
75 550 22 2 4.20304 29
35 650 22 2 1.617094 28
45 650 22 2 2.6471 28
55 650 22 2 4.646891 28
65 650 22 2 4.297527 29
75 650 22 2 4.674629 29
35 750 22 2 1.886027 28
45 750 22 2 3.134389 28
55 750 22 2 4.796417 28
65 750 22 2 4.521557 29
75 750 22 2 4.87643 29
35 850 22 2 2.270869 28
45 850 22 2 3.513661 28
55 850 22 2 4.902196 28
65 850 22 2 4.892779 29
75 850 22 2 5.091277 29
35 950 22 2 4.225016 28
45 950 22 2 4.059807 28
55 950 22 2 4.933244 28
65 950 22 2 5.558385 29
75 950 22 2 6.610916 29
35 350 23 2 -3.500469 273
45 350 23 2 -3.282157 273
55 350 23 2 -4.096184 273
65 350 23 2 -4.257403 274
75 350 23 2 -4.313619 273.5581
35 450 23 2 -3.284103 273
45 450 23 2 -3.24054 273
55 450 23 2 -4.069516 273
65 450 23 2 -4.405425 274
75 450 23 2 -4.458437 273.5455
35 550 23 2 -3.275563 273
45 550 23 2 -3.357504 273
55 550 23 2 -4.171241 273
65 550 23 2 -4.462428 274
75 550 23 2 -4.578041 273.8421
35 650 23 2 -3.701337 273
45 650 23 2 -3.619326 273
55 650 23 2 -4.322998 273
65 650 23 2 -4.501326 274
75 650 23 2 -4.823385 274
35 750 23 2 -4.425716 273
45 750 23 2 -4.007729 273
55 750 23 2 -4.631087 273
65 750 23 2 -4.529305 274
75 750 23 2 -5.266339 274
35 850 23 2 -5.16673 273
45 850 23 2 -4.660544 273
55 850 23 2 -4.883136 273
75 850 23 2 -5.6875 274
35 950 23 2 -5.37466 273
45 950 23 2 -4.959733 273
55 950 23 2 -5.112849 273
75 950 23 2 -5.70907 274
35 350 24 2 3.714124 116
45 350 24 2 3.700368 116
55 350 24 2 4.381344 116
65 350 24 2 4.832852 117
75 350 24 2 4.483217 116.36
35 450 24 2 4.008585 116
45 450 24 2 4.144916 116
55 450 24 2 5.055151 116
65 450 24 2 5.818043 117
75 450 24 2 5.923732 116.4762
35 550 24 2 3.993994 116
45 550 24 2 4.215921 116
55 550 24 2 5.1478 116
65 550 24 2 6.422655 117
75 550 24 2 6.323373 116.5179
35 650 24 2 3.8531 116
45 650 24 2 4.328831 116
55 650 24 2 5.432717 116
65 650 24 2 6.731955 117
75 650 24 2 6.772504 116.4921
35 750 24 2 4.268145 116
45 750 24 2 4.677126 116
55 750 24 2 5.940105 116
65 750 24 2 6.932367 117
75 750 24 2 6.98783 116.5172
35 850 24 2 4.684277 116
45 850 24 2 5.044972 116
55 850 24 2 6.435143 116
65 850 24 2 7.343416 117
75 850 24 2 7.206818 116.4468
35 950 24 2 4.949681 116
45 950 24 2 5.006668 116
55 950 24 2 6.711009 116
65 950 24 2 7.481261 117
75 950 24 2 8.098667 116.6042
25 350 21 3 -1.339516 216
35 350 21 3 -1.576803 215.2836
45 350 21 3 -3.53205 215
55 350 21 3 -5.395683 215
65 350 21 3 -7.293617 215
25 450 21 3 -0.9909187 216
35 450 21 3 -1.074134 215.3061
45 450 21 3 -3.223097 215
55 450 21 3 -4.164527 215
65 450 21 3 -8.588403 215
25 550 21 3 -0.8405328 216
35 550 21 3 -1.001499 215.4583
45 550 21 3 -2.698013 215
55 550 21 3 -3.934228 215
65 550 21 3 -8.884178 215
25 650 21 3 -0.6645696 216
35 650 21 3 -1.663557 215.2836
45 650 21 3 -2.341766 215
55 650 21 3 -3.862476 215
65 650 21 3 -8.592514 215
25 750 21 3 -0.8034733 216
35 750 21 3 -2.750275 215.5333
45 750 21 3 -2.174217 215
55 750 21 3 -3.732325 215
65 750 21 3 -8.834739 215
35 850 21 3 -3.570605 215.4884
45 850 21 3 -2.059505 215
55 850 21 3 -3.501799 215
65 850 21 3 -9.941152 215
35 950 21 3 -3.85367 215.4865
45 950 21 3 -1.784726 215
55 950 21 3 -3.871332 215
25 350 22 3 1.317319 32
35 350 22 3 1.94597 32
45 350 22 3 1.969048 31
55 350 22 3 2.047555 31
65 350 22 3 2.683414 31
25 450 22 3 0.8936077 32
35 450 22 3 2.318337 32
45 450 22 3 2.619319 31
55 450 22 3 2.61505 31
65 450 22 3 3.152029 31
25 550 22 3 1.210864 32
35 550 22 3 2.442374 32
45 550 22 3 3.036748 31
55 550 22 3 2.961538 31
65 550 22 3 3.895099 31
25 650 22 3 1.511248 32
35 650 22 3 2.724958 32
45 650 22 3 3.578748 31
55 650 22 3 3.55116 31
65 650 22 3 4.565559 31
15 750 22 3 1.750922 32
25 750 22 3 2.200888 32
35 750 22 3 3.448278 32
45 750 22 3 4.247693 31
55 750 22 3 4.528923 31
65 750 22 3 4.796998 31
15 850 22 3 2.622196 32
25 850 22 3 2.847411 32
35 850 22 3 4.092074 32
45 850 22 3 4.792486 31
55 850 22 3 5.235908 31
65 850 22 3 4.929662 31
15 950 22 3 2.995666 32
25 950 22 3 3.266736 32
35 950 22 3 4.245037 32
45 950 22 3 4.845971 31
55 950 22 3 5.946266 31
25 350 23 3 -3.562935 277
35 350 23 3 -3.895778 276
45 350 23 3 -3.552537 276
55 350 23 3 -3.736646 276
65 350 23 3 -4.458722 276
25 450 23 3 -3.398743 277
35 450 23 3 -3.968933 276
45 450 23 3 -3.788457 276
55 450 23 3 -3.873742 276
65 450 23 3 -4.542065 276
25 550 23 3 -3.641507 276.3438
35 550 23 3 -4.038115 276
45 550 23 3 -4.00889 276
55 550 23 3 -4.014228 276
25 650 23 3 -3.814368 276.45
35 650 23 3 -4.14709 276
45 650 23 3 -4.239228 276
55 650 23 3 -4.074724 276
25 750 23 3 -4.148692 276.4571
35 750 23 3 -4.268599 276
45 750 23 3 -4.407406 276
55 750 23 3 -4.122216 276
25 850 23 3 -4.405336 276.4138
35 850 23 3 -4.388561 276
45 850 23 3 -4.350353 276
55 850 23 3 -4.28042 276
25 950 23 3 -4.616329 276
35 950 23 3 -4.485674 276
45 950 23 3 -4.124128 276
55 950 23 3 -4.376399 276
25 350 24 3 2.818046 119
35 350 24 3 4.028354 118
45 350 24 3 3.306699 118
55 350 24 3 2.861782 118
65 350 24 3 3.168816 118
25 450 24 3 3.503785 118.7843
35 450 24 3 4.470942 118
45 450 24 3 3.312812 118
55 450 24 3 3.239559 118
65 450 24 3 3.788818 118
25 550 24 3 3.510534 118.75
35 550 24 3 4.646324 118
45 550 24 3 3.419312 118
55 550 24 3 3.599245 118
65 550 24 3 4.17456 118
25 650 24 3 3.923693 118.6809
35 650 24 3 4.738446 118
45 650 24 3 3.772475 118
55 650 24 3 4.072883 118
65 650 24 3 4.445541 118
25 750 24 3 4.107903 118.6667
35 750 24 3 4.811287 118
45 750 24 3 4.097295 118
55 750 24 3 4.565197 118
25 850 24 3 4.325034 118.6757
35 850 24 3 4.880325 118
45 850 24 3 4.949004 118
55 850 24 3 4.682164 118
15 950 24 3 3.417154 119
25 950 24 3 4.842944 118.7877
35 950 24 3 4.894679 118
45 950 24 3 5.329842 118
55 950 24 3 4.824503 118
-15 350 21 4 -0.8712706 219
-5 350 21 4 -0.9134245 218.6834
5 350 21 4 -0.7996836 218
15 350 21 4 -1.017349 218
-15 450 21 4 -1.134765 219
-5 450 21 4 -1.089834 218.6023
5 450 21 4 -0.8701148 218
15 450 21 4 -0.6784035 218
-15 550 21 4 -1.157369 219
-5 550 21 4 -1.086046 218.5915
5 550 21 4 -0.7819136 218
15 550 21 4 -0.6405809 218
-15 650 21 4 -1.22687 219
-5 650 21 4 -0.9917169 218.4068
5 650 21 4 -0.7509321 218
15 650 21 4 -0.6460619 218
-15 750 21 4 -1.233053 219
-5 750 21 4 -0.8947147 218.525
5 750 21 4 -0.7833806 218
15 750 21 4 -0.7901925 218
-15 850 21 4 -1.256674 219
-5 850 21 4 -0.9143573 218.4444
5 850 21 4 -0.8340363 218
15 850 21 4 -1.194895 218
-15 950 21 4 -1.300499 219
-5 950 21 4 -0.9454671 218.4255
5 950 21 4 -0.8701427 218
15 950 21 4 -1.271326 218
-15 350 22 4 -1.52363 34
-5 350 22 4 -1.127184 33.87179
5 350 22 4 -0.2470246 33
15 350 22 4 0.207353 33
-15 450 22 4 -1.479748 34
-5 450 22 4 -1.280037 33.79167
5 450 22 4 0.03301878 33
15 450 22 4 0.4080198 33
-15 550 22 4 -1.438608 34
-5 550 22 4 -1.310392 33.81429
5 550 22 4 0.1397501 33
15 550 22 4 0.6139439 33
-15 650 22 4 -1.392715 34
-5 650 22 4 -1.274995 33.79661
5 650 22 4 -0.0496998 33
15 650 22 4 0.6299161 33
-15 750 22 4 -1.229716 34
-5 750 22 4 -1.11176 33.78182
5 750 22 4 -0.2741616 33
15 750 22 4 0.667331 33
-15 850 22 4 -1.070917 34
-5 850 22 4 -0.7515007 33.76471
5 850 22 4 -0.2891978 33
15 850 22 4 1.104596 33
-15 950 22 4 -0.9688313 34
-5 950 22 4 -0.5393243 33.94286
5 950 22 4 -0.1960545 33
15 950 22 4 1.30934 33
-15 350 23 4 -2.435742 279
-5 350 23 4 -2.584643 279
5 350 23 4 -2.780315 278.2759
15 350 23 4 -2.984239 278
-15 450 23 4 -2.583593 279
-5 450 23 4 -2.629879 279
5 450 23 4 -2.796795 278.5238
15 450 23 4 -3.167192 278
-15 550 23 4 -2.619551 279
-5 550 23 4 -2.639761 279
5 550 23 4 -2.797083 278.4717
15 550 23 4 -3.414415 278
-15 650 23 4 -2.690637 279
-5 650 23 4 -2.635525 279
5 650 23 4 -2.792971 278.5319
15 650 23 4 -3.579461 278
-15 750 23 4 -2.801123 279
-5 750 23 4 -2.630091 279
5 750 23 4 -2.743288 278.475
15 750 23 4 -3.905376 278
-15 850 23 4 -2.945307 279
-5 850 23 4 -2.574112 279
5 850 23 4 -2.60751 278.5
15 850 23 4 -4.13893 278
-15 950 23 4 -2.9355 279
-5 950 23 4 -2.435627 279
5 950 23 4 -2.534116 278.4301
15 950 23 4 -4.220815 278
-15 350 24 4 -1.775227 121
-5 350 24 4 -1.956394 121
5 350 24 4 -0.6649093 120
15 350 24 4 1.352267 120
-15 450 24 4 -2.001513 121
-5 450 24 4 -1.870746 120.9259
5 450 24 4 -0.9760927 120
15 450 24 4 1.174273 120
-15 550 24 4 -2.04517 121
-5 550 24 4 -1.577391 120.7049
5 550 24 4 -0.7031121 120
15 550 24 4 0.7571285 120
-15 650 24 4 -2.112436 121
-5 650 24 4 -1.320501 120.7037
5 650 24 4 -0.5487631 120
15 650 24 4 0.9925776 120
-15 750 24 4 -2.196316 121
-5 750 24 4 -1.181339 120.7059
5 750 24 4 -0.2095886 120
15 750 24 4 1.139998 120
-15 850 24 4 -2.41689 121
-5 850 24 4 -1.041605 120.7073
5 850 24 4 0.02969373 120
15 850 24 4 1.661735 120
-15 950 24 4 -2.532992 121
-5 950 24 4 -0.86616 120.3785
5 950 24 4 0.1227203 120
15 950 24 4 2.649192 120
-45 350 21 5 -2.49477 220.5319
-35 350 21 5 -2.095973 220
-15 350 21 5 -0.9148155 220
-45 450 21 5 -2.456825 220.75
-35 450 21 5 -2.536353 220
-15 450 21 5 -1.060589 220
-45 550 21 5 -2.499858 220.7818
-35 550 21 5 -2.668541 220
-15 550 21 5 -1.168033 220
-45 650 21 5 -2.579689 220.9035
-35 650 21 5 -2.756803 220
-25 650 21 5 -1.377783 220
-15 650 21 5 -1.280625 220
-45 750 21 5 -2.686349 221
-35 750 21 5 -2.892043 220
-25 750 21 5 -1.421833 220
-15 750 21 5 -1.36522 220
-45 850 21 5 -2.925784 221
-35 850 21 5 -2.993433 220
-25 850 21 5 -1.471082 220
-15 850 21 5 -1.422269 220
-45 950 21 5 -2.947377 221
-35 950 21 5 -3.057036 220
-25 950 21 5 -1.742577 220
-15 950 21 5 -1.535812 220
-55 350 22 5 -3.761674 36
-45 350 22 5 -3.394479 35.86585
-35 350 22 5 -3.406441 35
-25 350 22 5 -2.757584 35
-15 350 22 5 -2.189554 35
-55 450 22 5 -3.982428 36
-45 450 22 5 -3.373503 36
-35 450 22 5 -3.589882 35
-25 450 22 5 -2.879338 35
-15 450 22 5 -2.009068 35
-55 550 22 5 -4.147672 36
-45 550 22 5 -3.386713 36
-35 550 22 5 -3.663635 35
-25 550 22 5 -2.679829 35
-15 550 22 5 -1.759219 35
-55 650 22 5 -4.500365 36
-45 650 22 5 -3.430838 36
-35 650 22 5 -3.64347 35
-25 650 22 5 -2.501484 35
-15 650 22 5 -1.624993 35
-55 750 22 5 -4.632965 36
-45 750 22 5 -3.559327 36
-35 750 22 5 -3.616643 35
-25 750 22 5 -2.295122 35
-15 750 22 5 -1.495047 35
-55 850 22 5 -4.73413 36
-45 850 22 5 -3.725722 36
-35 850 22 5 -3.739571 35
-25 850 22 5 -2.301823 35
-15 850 22 5 -1.406599 35
-55 950 22 5 -4.791182 36
-45 950 22 5 -4.579057 36
-35 950 22 5 -4.168911 35
-25 950 22 5 -2.583775 35
-55 350 23 5 -2.533459 281
-45 350 23 5 -2.653699 280.8322
-35 350 23 5 -2.513313 280
-25 350 23 5 -2.175614 280
-15 350 23 5 -2.168925 280
-55 450 23 5 -2.631251 281
-45 450 23 5 -2.773951 280.8584
-35 450 23 5 -2.605411 280
-25 450 23 5 -2.19821 280
-15 450 23 5 -2.231772 280
-55 550 23 5 -2.796476 281
-45 550 23 5 -2.890161 280.9023
-35 550 23 5 -2.760776 280
-25 550 23 5 -2.433486 280
-15 550 23 5 -2.447997 280
-55 650 23 5 -2.902892 281
-45 650 23 5 -2.971919 280.8916
-35 650 23 5 -2.832179 280
-25 650 23 5 -2.610158 280
-15 650 23 5 -2.588608 280
-55 750 23 5 -3.028701 281
-45 750 23 5 -3.107136 281
-35 750 23 5 -2.9604 280
-25 750 23 5 -2.771618 280
-15 750 23 5 -2.739018 280
-55 850 23 5 -3.237178 281
-45 850 23 5 -3.371426 281
-35 850 23 5 -3.165358 280
-25 850 23 5 -3.00291 280
-15 850 23 5 -2.978245 280
-55 950 23 5 -3.561765 281
-45 950 23 5 -3.926162 281
-35 950 23 5 -3.489787 280
-25 950 23 5 -3.223951 280
-15 950 23 5 -3.080961 280
-45 350 24 5 -3.172254 123
-35 350 24 5 -2.91221 122.4231
-25 350 24 5 -2.673823 122
-15 350 24 5 -2.545801 122
-45 450 24 5 -3.162348 123
-35 450 24 5 -3.040193 122.6667
-25 450 24 5 -2.910565 122
-15 450 24 5 -2.572239 122
-45 550 24 5 -3.154821 123
-35 550 24 5 -3.120237 122.4615
-25 550 24 5 -3.012881 122
-15 550 24 5 -2.717022 122
-45 650 24 5 -3.173819 123
-35 650 24 5 -3.210506 122.3636
-25 650 24 5 -3.223675 122
-15 650 24 5 -2.898351 122
-45 750 24 5 -3.289486 123
-35 750 24 5 -3.379439 122.3611
-25 750 24 5 -3.430723 122
-15 750 24 5 -3.109408 122
-45 850 24 5 -3.430923 123
-35 850 24 5 -3.588137 122.3714
-25 850 24 5 -3.56143 122
-15 850 24 5 -3.373167 122
-45 950 24 5 -3.490716 123
-35 950 24 5 -3.62579 122.5278
-25 950 24 5 -3.623898 122
-15 950 24 5 -3.447768 122
-65 350 21 6 -2.919711 225
-55 350 21 6 -2.741973 224.7868
-45 350 21 6 -2.717263 224
-65 450 21 6 -2.932666 225
-55 450 21 6 -2.788375 224.875
-45 450 21 6 -2.782611 224
-65 550 21 6 -2.930109 225
-55 550 21 6 -2.822021 224.8427
-45 550 21 6 -2.839429 224
-65 650 21 6 -2.929631 225
-55 650 21 6 -2.839587 224.8642
-45 650 21 6 -2.883009 224
-65 750 21 6 -2.921567 225
-55 750 21 6 -2.854475 224.8571
-45 750 21 6 -2.893887 224
-65 850 21 6 -2.883685 225
-55 850 21 6 -2.873098 224.8451
-45 850 21 6 -2.925705 224
-65 950 21 6 -2.802449 225
-55 950 21 6 -2.884569 224.9554
-45 950 21 6 -2.909394 224
-65 350 22 6 -4.072227 40.60504
-55 350 22 6 -3.901329 40.18254
-45 350 22 6 -3.752023 40
-65 450 22 6 -4.323271 40.63107
-55 450 22 6 -4.177563 40.52439
-45 450 22 6 -3.820914 40
-65 550 22 6 -4.451682 40.65476
-55 550 22 6 -4.262672 40.52857
-45 550 22 6 -3.839699 40
-65 650 22 6 -4.523989 40.67143
-55 650 22 6 -4.301862 40.59375
-45 650 22 6 -3.853009 40
-65 750 22 6 -4.578917 40.66129
-55 750 22 6 -4.44301 40.54
-65 850 22 6 -4.663419 40.65
-55 850 22 6 -4.664387 40.48649
-65 950 22 6 -4.855033 40.56604
-55 950 22 6 -4.768111 40.53623
-65 350 23 6 -3.084869 283.5024
-55 350 23 6 -2.901242 283.3908
-45 350 23 6 -2.891744 283
-65 450 23 6 -3.123601 283.4872
-55 450 23 6 -3.050049 283.4609
-45 450 23 6 -2.954937 283
-65 550 23 6 -3.193366 283.4792
-55 550 23 6 -3.165081 283.6
-45 550 23 6 -3.017888 283
-65 650 23 6 -3.286719 283.425
-55 650 23 6 -3.180029 283.3158
-45 650 23 6 -3.05411 283
-65 750 23 6 -3.352195 283.4545
-55 750 23 6 -3.234138 283.3673
-45 750 23 6 -3.15193 283
-65 850 23 6 -3.389353 283.4865
-55 850 23 6 -3.369854 283.5747
-45 850 23 6 -3.165934 283
-65 950 23 6 -3.407878 283.4028
-55 950 23 6 -3.400628 283.3037
-45 950 23 6 -3.047789 283
-65 350 24 6 -3.383179 126
-55 350 24 6 -3.336374 125.4277
-45 350 24 6 -3.464393 125
-65 450 24 6 -3.497911 126
-55 450 24 6 -3.469829 125.4375
-45 450 24 6 -3.594169 125
-65 550 24 6 -3.606563 126
-55 550 24 6 -3.538139 125.5054
-45 550 24 6 -3.675427 125
-65 650 24 6 -3.719094 126
-55 650 24 6 -3.576217 125.6
-45 650 24 6 -3.749539 125
-65 750 24 6 -3.814085 126
-55 750 24 6 -3.586681 125.5921
-45 750 24 6 -3.83936 125
-65 850 24 6 -3.863636 126
-55 850 24 6 -3.614036 125.5714
-45 850 24 6 -3.853686 125
-65 950 24 6 -3.926506 126
-55 950 24 6 -3.685787 125.5111
-45 950 24 6 -3.479112 125
-55 350 21 7 -2.763788 227
-45 350 21 7 -2.782244 227
-35 350 21 7 -2.272417 227
-25 350 21 7 -1.489274 227
-15 350 21 7 -1.894525 227
-5 350 21 7 -1.979173 227
-55 450 21 7 -2.827406 227
-45 450 21 7 -2.716161 227
-35 450 21 7 -2.345725 227
-25 450 21 7 -1.588139 227
-15 450 21 7 -1.243888 227
-5 450 21 7 -1.236085 227
-55 550 21 7 -2.850438 227
-45 550 21 7 -2.75873 227
-35 550 21 7 -2.335463 227
-25 550 21 7 -1.763686 227
-15 550 21 7 -1.000827 227
-5 550 21 7 -1.076937 227
-55 650 21 7 -2.864467 227
-45 650 21 7 -2.79081 227
-35 650 21 7 -2.368653 227
-25 650 21 7 -1.917105 227
-15 650 21 7 -1.042147 227
-5 650 21 7 -1.230897 227
-55 750 21 7 -2.834573 227
-45 750 21 7 -2.789418 227
-35 750 21 7 -2.536451 227
-25 750 21 7 -2.074476 227
-15 750 21 7 -1.278975 227
-55 850 21 7 -2.77219 227
-45 850 21 7 -2.781597 227
-35 850 21 7 -2.750606 227
-25 850 21 7 -2.265351 227
-15 850 21 7 -1.162734 227
-55 950 21 7 -2.750306 227
-45 950 21 7 -2.794399 227
-35 950 21 7 -2.969678 227
-25 950 21 7 -2.070387 227
-15 950 21 7 -1.280161 227
-55 350 22 7 -3.489727 43
-45 350 22 7 -3.502071 43
-35 350 22 7 -3.197099 43
-25 350 22 7 -2.784876 43
-15 350 22 7 -1.80844 43
-5 350 22 7 -0.446632 43
-55 450 22 7 -3.720257 43
-45 450 22 7 -3.603486 43
-35 450 22 7 -3.187805 43
-25 450 22 7 -3.948727 43
-15 450 22 7 -3.633805 43
-5 450 22 7 -0.6008078 43
-55 550 22 7 -3.853412 43
-45 550 22 7 -3.734581 43
-35 550 22 7 -3.073538 43
-25 550 22 7 -3.991203 43
-15 550 22 7 -3.730597 43
-5 550 22 7 -0.3296622 43
-55 650 22 7 -3.959063 43
-45 650 22 7 -3.998902 43
-35 650 22 7 -3.279618 43
-25 650 22 7 -3.750423 43
-15 650 22 7 -3.232315 43
-5 650 22 7 1.855559 43
-55 750 22 7 -4.077702 43
-45 750 22 7 -4.179534 43
-35 750 22 7 -3.411012 43
-25 750 22 7 -3.567145 43
-15 750 22 7 -3.192084 43
-5 750 22 7 2.168206 43
-55 850 22 7 -4.210336 43
-45 850 22 7 -4.305687 43
-35 850 22 7 -3.440289 43
-15 850 22 7 -3.345739 43
-5 850 22 7 -0.544211 43
-55 950 22 7 -4.202355 43
-45 950 22 7 -4.640647 43
-35 950 22 7 -3.417565 43
-15 950 22 7 -3.338507 43
-5 950 22 7 -2.076918 43
-65 350 23 7 -3.200258 286
-55 350 23 7 -3.084163 286
-65 450 23 7 -3.257771 286
-55 450 23 7 -3.15364 286
-65 550 23 7 -3.313802 286
-55 550 23 7 -3.283205 286
-65 650 23 7 -3.353052 286
-55 650 23 7 -3.331801 286
-65 750 23 7 -3.37656 286
-55 750 23 7 -3.356291 286
-65 850 23 7 -3.392692 286
-55 850 23 7 -3.532401 286
-65 950 23 7 -3.395676 286
-55 950 23 7 -3.466223 286
-65 350 24 7 -3.664351 128
-55 350 24 7 -3.373963 128
-65 450 24 7 -3.745893 128
-55 450 24 7 -3.542321 128
-65 550 24 7 -3.77345 128
-55 550 24 7 -3.598042 128
-65 650 24 7 -3.842843 128
-55 650 24 7 -3.602554 128
-65 750 24 7 -3.931607 128
-55 750 24 7 -3.606966 128
-65 850 24 7 -3.952556 128
-55 850 24 7 -3.55681 128
-65 950 24 7 -4.036006 128
-55 950 24 7 -3.586001 128
-5 350 21 8 -1.944415 229
5 350 21 8 -2.830558 229
15 350 21 8 -3.416289 229
25 350 21 8 -3.244875 229
35 350 21 8 -2.559129 229
-5 450 21 8 -1.526097 229
5 450 21 8 -2.18081 229
15 450 21 8 -3.313836 229
25 450 21 8 -3.202247 229
35 450 21 8 -2.416915 229
-5 550 21 8 -1.155641 229
5 550 21 8 -1.892897 229
15 550 21 8 -3.147339 229
25 550 21 8 -3.314615 229
35 550 21 8 -2.347872 229
-5 650 21 8 -1.059688 229
5 650 21 8 -1.588556 229
15 650 21 8 -3.356747 229
25 650 21 8 -3.495761 229
35 650 21 8 -2.67455 229
-5 750 21 8 -0.2757891 229
5 750 21 8 -1.352636 229
15 750 21 8 -3.252422 229
25 750 21 8 -3.532905 229
35 750 21 8 -2.988899 229
-5 850 21 8 -0.4453643 229
5 850 21 8 -0.9184829 229
15 850 21 8 -3.142551 229
25 850 21 8 -3.859534 229
35 850 21 8 -3.783286 229
-5 950 21 8 -1.256499 229
5 950 21 8 -0.7749615 229
15 950 21 8 -3.44499 229
25 950 21 8 -5.902328 229
35 950 21 8 -5.352268 229
-5 350 22 8 -0.9058801 45
5 350 22 8 0.1667202 45
15 350 22 8 0.7953561 45
25 350 22 8 0.5826496 45
35 350 22 8 1.066834 45
-5 450 22 8 1.152426 45
5 450 22 8 0.8655048 45
15 450 22 8 0.4330351 45
25 450 22 8 1.02234 45
35 450 22 8 1.137607 45
-5 550 22 8 1.909984 45
5 550 22 8 1.455624 45
15 550 22 8 0.5458344 45
25 550 22 8 1.255062 45
35 550 22 8 1.17936 45
-5 650 22 8 2.743523 45
5 650 22 8 2.213327 45
15 650 22 8 0.7487277 45
25 650 22 8 1.540833 45
35 650 22 8 1.709375 45
-5 750 22 8 3.592136 45
5 750 22 8 3.020981 45
15 750 22 8 1.359876 45
25 750 22 8 1.851876 45
35 750 22 8 2.327635 45
-5 850 22 8 1.595799 45
5 850 22 8 2.913768 45
15 850 22 8 2.00691 45
25 850 22 8 2.227084 45
35 850 22 8 2.680812 45
-5 950 22 8 -0.2542262 45
5 950 22 8 2.326555 45
15 950 22 8 2.293639 45
25 950 22 8 2.376939 45
35 950 22 8 2.49742 45
-55 350 23 8 -3.166555 289
-45 350 23 8 -2.805565 289
-35 350 23 8 -2.719727 289
-25 350 23 8 -2.339581 289
-15 350 23 8 -1.750944 289
-5 350 23 8 -2.375169 289
-55 450 23 8 -3.23149 289
-45 450 23 8 -2.860996 289
-35 450 23 8 -2.682142 289
-25 450 23 8 -2.156862 289
-15 450 23 8 -1.551478 289
-5 450 23 8 -1.206432 289
-45 550 23 8 -2.873018 289
-35 550 23 8 -2.703069 289
-25 550 23 8 -2.38853 289
-15 550 23 8 -1.736205 289
-5 550 23 8 -0.4427797 289
-45 650 23 8 -2.910269 289
-35 650 23 8 -2.82369 289
-25 650 23 8 -2.511944 289
-15 650 23 8 -1.536444 289
-5 650 23 8 -0.1006195 289
-45 750 23 8 -2.986722 289
-35 750 23 8 -2.985912 289
-25 750 23 8 -2.56287 289
-15 750 23 8 -1.96218 289
-5 750 23 8 -0.08998722 289
-45 850 23 8 -3.148384 289
-35 850 23 8 -3.238433 289
-25 850 23 8 -2.73852 289
-15 850 23 8 -2.855512 289
-5 850 23 8 -1.437817 289
-45 950 23 8 -3.566744 289
-35 950 23 8 -3.461742 289
-25 950 23 8 -2.882125 289
-15 950 23 8 -3.114404 289
-5 950 23 8 -2.160227 289
-55 350 24 8 -3.478704 131
-45 350 24 8 -3.392702 131
-35 350 24 8 -2.897407 131
-25 350 24 8 -2.46271 131
-15 350 24 8 -1.781137 131
-5 350 24 8 0.2001567 131
-55 450 24 8 -3.540502 131
-45 450 24 8 -3.372985 131
-35 450 24 8 -3.104401 131
-25 450 24 8 -2.457192 131
-15 450 24 8 -2.253591 131
-5 450 24 8 -0.7398205 131
-55 550 24 8 -3.576408 131
-45 550 24 8 -3.3327 131
-35 550 24 8 -3.19977 131
-25 550 24 8 -2.563161 131
-15 550 24 8 -2.565762 131
-5 550 24 8 -1.823912 131
-55 650 24 8 -3.616509 131
-45 650 24 8 -3.347471 131
-35 650 24 8 -3.248343 131
-25 650 24 8 -2.753827 131
-15 650 24 8 -2.82011 131
-5 650 24 8 -2.184402 131
-55 750 24 8 -3.684186 131
-45 750 24 8 -3.415669 131
-35 750 24 8 -3.305431 131
-25 750 24 8 -3.228446 131
-15 750 24 8 -3.085066 131
-5 750 24 8 -2.377867 131
-55 850 24 8 -3.746904 131
-45 850 24 8 -3.534063 131
-35 850 24 8 -3.377295 131
-25 850 24 8 -3.457957 131
-15 850 24 8 -3.23826 131
-55 950 24 8 -3.853582 131
-45 950 24 8 -3.576963 131
-35 950 24 8 -3.462565 131
-25 950 24 8 -3.506654 131
-15 950 24 8 -3.281188 131
45 350 21 9 -2.854105 232
55 350 21 9 -6.631402 232
65 350 21 9 -6.975502 232
75 350 21 9 -7.622513 232
35 450 21 9 -2.269216 232
45 450 21 9 -3.364269 232
55 450 21 9 -5.949815 232
65 450 21 9 -7.857495 232
75 450 21 9 -8.629805 232
35 550 21 9 -2.891017 232
45 550 21 9 -4.468898 232
65 550 21 9 -7.990253 232
75 550 21 9 -9.02108 232
35 650 21 9 -3.511438 232
45 650 21 9 -5.175725 232
65 650 21 9 -8.430057 232
75 650 21 9 -9.671355 232
45 750 21 9 -5.384908 232
65 750 21 9 -9.325532 232
75 750 21 9 -9.644453 232
45 850 21 9 -6.052635 232
65 850 21 9 -8.556625 232
75 850 21 9 -10.27132 232
45 950 21 9 -5.656301 232
75 950 21 9 -10.45915 232
35 350 22 9 1.348226 48
45 350 22 9 1.229209 48
55 350 22 9 2.009051 48
65 350 22 9 2.681118 48
75 350 22 9 2.411633 48
35 450 22 9 1.506799 48
45 450 22 9 1.142019 48
55 450 22 9 1.971466 48
65 450 22 9 3.280267 48
75 450 22 9 3.381649 48
35 550 22 9 1.827433 48
45 550 22 9 1.125233 48
55 550 22 9 2.06598 48
65 550 22 9 3.427196 48
75 550 22 9 3.465103 48
35 650 22 9 2.191067 48
45 650 22 9 1.325417 48
55 650 22 9 2.136138 48
65 650 22 9 3.943787 48
75 650 22 9 3.750617 48
35 750 22 9 2.645189 48
45 750 22 9 1.805018 48
55 750 22 9 2.24454 48
65 750 22 9 3.942749 48
75 750 22 9 4.073878 48
35 850 22 9 3.284917 48
45 850 22 9 2.546663 48
55 850 22 9 2.500495 48
65 850 22 9 4.096747 48
75 850 22 9 4.69204 48
35 950 22 9 3.543127 48
45 950 22 9 3.078806 48
55 950 22 9 2.81704 48
65 950 22 9 4.798136 48
75 950 22 9 4.57929 48
-5 350 23 9 -3.040598 291
5 350 23 9 -3.798541 291
15 350 23 9 -4.205967 291
-5 450 23 9 -2.659203 291
5 450 23 9 -3.728595 291
15 450 23 9 -4.320834 291
-5 550 23 9 -1.503362 291
5 550 23 9 -3.637673 291
15 550 23 9 -4.340106 291
-5 650 23 9 -0.8454399 291
5 650 23 9 -3.326583 291
15 650 23 9 -4.0707 291
-5 750 23 9 -1.068202 291
5 750 23 9 -3.861941 291
15 750 23 9 -4.022303 291
-5 850 23 9 -1.96188 291
5 850 23 9 -3.829841 291
15 850 23 9 -3.651261 291
-5 950 23 9 -2.38493 291
5 950 23 9 -3.829421 291
15 950 23 9 -3.157407 291
-5 350 24 9 -0.4330666 133
5 350 24 9 0.08657714 133
15 350 24 9 1.348962 133
25 350 24 9 2.202841 133
35 350 24 9 3.069467 133
-5 450 24 9 -0.7746759 133
5 450 24 9 0.2499708 133
15 450 24 9 1.839405 133
25 450 24 9 2.378744 133
35 450 24 9 3.25353 133
-5 550 24 9 -1.310388 133
5 550 24 9 0.5156906 133
15 550 24 9 2.271209 133
25 550 24 9 2.359312 133
35 550 24 9 3.395791 133
-5 650 24 9 -1.970611 133
5 650 24 9 0.4908011 133
15 650 24 9 2.474725 133
25 650 24 9 2.423307 133
35 650 24 9 3.678896 133
-5 750 24 9 -2.234455 133
5 750 24 9 0.5996911 133
15 750 24 9 2.972267 133
25 750 24 9 2.900896 133
35 750 24 9 4.458044 133
-5 850 24 9 -2.305671 133
5 850 24 9 0.9772121 133
15 850 24 9 3.216433 133
25 850 24 9 3.435089 133
-5 950 24 9 -2.288058 133
5 950 24 9 0.9281641 133
15 950 24 9 3.08219 133
25 950 24 9 3.697264 133
65 350 22 10 2.222281 49
75 350 22 10 2.426137 49
65 450 22 10 3.545035 49
75 450 22 10 3.659807 49
65 550 22 10 4.059993 49
75 550 22 10 4.239307 49
65 650 22 10 4.721527 49
75 650 22 10 4.972403 49
65 750 22 10 5.524274 49
75 750 22 10 5.508489 49
65 850 22 10 7.748451 49
75 850 22 10 5.620522 49
65 950 22 10 9.907576 49
75 950 22 10 6.789621 49
15 350 23 10 -4.179027 292
25 350 23 10 -3.907636 292
35 350 23 10 -3.057228 292
5 450 23 10 -4.257703 292
15 450 23 10 -4.166477 292
25 450 23 10 -3.50509 292
35 450 23 10 -2.863706 292
5 550 23 10 -4.332779 292
15 550 23 10 -4.172388 292
25 550 23 10 -2.974978 292
35 550 23 10 -2.626839 292
5 650 23 10 -4.161838 292
15 650 23 10 -3.971359 292
25 650 23 10 -2.986625 292
35 650 23 10 -2.565979 292
5 750 23 10 -4.048659 292
15 750 23 10 -3.808103 292
25 750 23 10 -2.976463 292
35 750 23 10 -2.63146 292
5 850 23 10 -4.052289 292
15 850 23 10 -3.589796 292
25 850 23 10 -3.271605 292
35 850 23 10 -2.756143 292
5 950 23 10 -3.736451 292
15 950 23 10 -3.227457 292
25 950 23 10 -3.341725 292
35 950 23 10 -2.82312 292
45 350 24 10 3.932661 136
55 350 24 10 3.937666 136
65 350 24 10 3.687303 136
35 450 24 10 3.728766 136
45 450 24 10 3.886547 136
55 450 24 10 4.026328 136
65 450 24 10 4.364126 136
35 550 24 10 3.742368 136
45 550 24 10 3.840663 136
55 550 24 10 4.009635 136
65 550 24 10 4.561177 136
35 650 24 10 3.806356 136
45 650 24 10 3.886608 136
55 650 24 10 4.035608 136
65 650 24 10 4.616677 136
35 750 24 10 3.806828 136
45 750 24 10 3.958959 136
55 750 24 10 4.160882 136
65 750 24 10 4.749 136
35 850 24 10 3.810376 136
45 850 24 10 3.922656 136
55 850 24 10 4.290653 136
65 850 24 10 4.769781 136
45 950 24 10 3.278091 136
55 950 24 10 3.951787 136
65 950 24 10 4.893035 136
35 350 22 11 1.246516 51
45 350 22 11 2.374023 51
55 350 22 11 2.672764 51
65 350 22 11 3.079912 51
35 450 22 11 2.040065 51
45 450 22 11 3.168659 51
55 450 22 11 3.484968 51
65 450 22 11 3.484052 51
35 550 22 11 2.400396 51
45 550 22 11 3.758704 51
55 550 22 11 3.926521 51
65 550 22 11 3.932137 51
35 650 22 11 2.657947 51
45 650 22 11 4.138086 51
55 650 22 11 4.291874 51
65 650 22 11 4.385891 51
35 750 22 11 2.870819 51
45 750 22 11 4.348522 51
55 750 22 11 4.73349 51
65 750 22 11 4.901031 51
35 850 22 11 3.007841 51
45 850 22 11 4.601686 51
55 850 22 11 5.059788 51
65 850 22 11 5.710518 51
45 950 22 11 4.746717 51
55 950 22 11 5.363323 51
45 350 23 11 -2.691382 295
55 350 23 11 -2.256647 295
65 350 23 11 -2.00357 295
35 450 23 11 -3.041984 295
45 450 23 11 -2.639974 295
55 450 23 11 -2.10316 295
65 450 23 11 -2.089047 295
35 550 23 11 -2.908857 295
45 550 23 11 -2.445505 295
55 550 23 11 -2.011361 295
65 550 23 11 -1.934181 295
35 650 23 11 -2.682945 295
45 650 23 11 -2.473771 295
55 650 23 11 -2.121626 295
65 650 23 11 -1.984849 295
35 750 23 11 -2.70177 295
45 750 23 11 -2.298179 295
55 750 23 11 -2.245831 295
65 750 23 11 -2.07857 295
35 850 23 11 -2.775652 295
45 850 23 11 -2.050843 295
55 850 23 11 -2.307926 295
65 850 23 11 -1.921676 295
35 950 23 11 -2.848353 295
45 950 23 11 -2.090167 295
55 950 23 11 -2.475587 295
65 950 23 11 -2.104737 295
45 350 24 11 3.205446 137
65 350 24 11 3.955821 137
45 450 24 11 3.661157 137
65 450 24 11 4.513786 137
45 550 24 11 3.995899 137
65 550 24 11 4.686472 137
45 650 24 11 4.222925 137
65 650 24 11 4.743675 137
45 750 24 11 4.540077 137
65 750 24 11 4.808772 137
45 850 24 11 4.997087 137
65 850 24 11 4.891811 137
45 950 24 11 5.750742 137
65 950 24 11 5.211849 137
45 350 23 12 -2.547621 297
55 350 23 12 -2.394411 297
65 350 23 12 -2.331854 297
75 350 23 12 -2.719323 297
45 450 23 12 -2.590106 297
55 450 23 12 -1.688045 297
65 450 23 12 -2.209686 297
75 450 23 12 -2.24544 297
45 550 23 12 -2.5129 297
55 550 23 12 -1.242766 297
65 550 23 12 -2.130699 297
75 550 23 12 -2.06353 297
45 650 23 12 -2.470659 297
55 650 23 12 -0.7865263 297
65 650 23 12 -2.188184 297
75 650 23 12 -2.226894 297
45 750 23 12 -2.399374 297
55 750 23 12 -0.3085052 297
65 750 23 12 -2.264508 297
75 750 23 12 -2.472128 297
55 850 23 12 0.07338588 297
65 850 23 12 -2.517527 297
75 850 23 12 -2.395346 297
55 950 23 12 0.438976 297
65 950 23 12 -2.289271 297
75 950 23 12 -2.424659 297
45 350 24 12 3.595159 138
55 350 24 12 3.763981 138
65 350 24 12 4.129117 138.1633
75 350 24 12 3.607217 138
45 450 24 12 3.502124 138
65 450 24 12 4.75104 138.1897
75 450 24 12 4.381824 138
45 550 24 12 3.543653 138
65 550 24 12 4.89356 138.1719
75 550 24 12 4.694225 138
45 650 24 12 3.696402 138
65 650 24 12 4.865198 138.5147
75 650 24 12 4.97934 138
45 750 24 12 3.82103 138
65 750 24 12 5.037138 138.325
75 750 24 12 5.188633 138
65 850 24 12 5.11815 138.4444
75 850 24 12 5.361031 138
65 950 24 12 5.99039 138.1932
75 950 24 12 5.516096 138
35 350 23 13 -2.965644 299.5392
45 350 23 13 -3.234709 299
55 350 23 13 -2.776856 299
65 350 23 13 -2.294766 299
35 450 23 13 -3.017017 299.1087
45 450 23 13 -3.131871 299
55 450 23 13 -2.587647 299
65 450 23 13 -1.994524 299
35 550 23 13 -3.040622 299
45 550 23 13 -3.006299 299
55 550 23 13 -2.32034 299
65 550 23 13 -1.771041 299
35 650 23 13 -3.019947 299
45 650 23 13 -2.90375 299
55 650 23 13 -2.277841 299
65 650 23 13 -1.804539 299
35 750 23 13 -2.921387 299
45 750 23 13 -2.790947 299
55 750 23 13 -2.466848 299
65 750 23 13 -1.787413 299
35 850 23 13 -2.684209 299
45 850 23 13 -2.582484 299
55 850 23 13 -2.11006 299
65 850 23 13 -1.732708 299
35 950 23 13 -1.828953 299
45 950 23 13 -2.439016 299
55 950 23 13 -1.964907 299
35 350 24 13 3.050313 140
45 350 24 13 2.888094 140
55 350 24 13 3.286953 140
65 350 24 13 3.426586 140
35 450 24 13 3.287098 140
45 450 24 13 3.131404 140
55 450 24 13 3.915857 140
65 450 24 13 3.954272 140
35 550 24 13 3.47416 140
45 550 24 13 3.292569 140
55 550 24 13 4.156127 140
65 550 24 13 4.218059 140
35 650 24 13 3.480902 140
45 650 24 13 3.461646 140
55 650 24 13 4.286905 140
65 650 24 13 4.388908 140
35 750 24 13 3.44923 140
45 750 24 13 3.684948 140
55 750 24 13 4.326572 140
65 750 24 13 4.517496 140
35 850 24 13 3.281916 140
45 850 24 13 3.95889 140
55 850 24 13 4.274717 140
35 950 24 13 2.89459 140
45 950 24 13 4.159156 140
55 950 24 13 4.299095 140
