lat camp flt x yday
5 21 1 -0.7100034 210
15 21 1 -0.3806023 210
25 21 1 -0.2018846 210
35 21 1 NA 210
5 22 1 -0.8153789 25
15 22 1 0.2987526 25.69633
25 22 1 1.586509 25.9619
35 22 1 3.023873 25.85816
-5 23 1 NA 270
5 23 1 -2.565731 270
15 23 1 -3.925192 270
25 23 1 -3.906308 270
35 23 1 -3.995686 270.5467
5 24 1 0.9919118 113
15 24 1 1.866191 113
25 24 1 2.291653 113
35 24 1 NA 113.2032
35 21 2 NA 213
45 21 2 NA 213
65 21 2 NA 213.2224
75 21 2 -8.739341 213
35 22 2 1.888843 28
45 22 2 2.871934 28
55 22 2 4.261334 28
65 22 2 4.228977 29
75 22 2 4.519106 29
35 23 2 -4.104083 273
45 23 2 -3.875362 273
55 23 2 -4.469573 273
65 23 2 -4.431178 274
75 23 2 -4.976627 273.8494
35 24 2 4.210272 116
45 24 2 4.445543 116
55 24 2 5.586181 116
65 24 2 6.508936 117
75 24 2 6.542306 116.4878
25 21 3 -0.9278021 216
35 21 3 -2.212935 215.4057
45 21 3 -2.544768 215
55 21 3 -4.066053 215
65 21 3 -8.689101 215
15 22 3 NA 32
25 22 3 1.892582 32
35 22 3 3.031004 32
45 22 3 3.584288 31
55 22 3 3.840915 31
65 22 3 4.003793 31
25 23 3 -3.94113 276.5235
35 23 3 -4.170393 276
45 23 3 -4.067286 276
55 23 3 -4.068339 276
65 23 3 NA 276
15 24 3 NA 119
25 24 3 3.861705 118.7636
35 24 3 4.638622 118
45 24 3 4.026777 118
55 24 3 3.977905 118
65 24 3 NA 118
-15 21 4 -1.168643 219
-5 21 4 -0.9765088 218.5256
5 21 4 -0.8128862 218
15 21 4 -0.8912584 218
-15 22 4 -1.300595 34
-5 22 4 -1.056456 33.82339
5 22 4 -0.1261956 33
15 22 4 0.7057857 33
-15 23 4 -2.715921 279
-5 23 4 -2.589948 279
5 23 4 -2.721725 278.4583
15 23 4 -3.630061 278
-15 24 4 -2.154363 121
-5 24 4 -1.40202 120.7323
5 24 4 -0.421436 120
15 24 4 1.389596 120
-45 21 5 -2.655808 220.8525
-35 21 5 -2.714312 220
-25 21 5 NA 220
-15 21 5 -1.249623 220
-55 22 5 -4.364345 36
-45 22 5 -3.635663 35.98084
-35 22 5 -3.689793 35
-25 22 5 -2.571279 35
-15 22 5 -1.747414 35
-55 23 5 -2.95596 281
-45 23 5 -3.099208 280.9263
-35 23 5 -2.903889 280
-25 23 5 -2.63085 280
-15 23 5 -2.605075 280
-45 24 5 -3.267766 123
-35 24 5 -3.268073 122.4536
-25 24 5 -3.205285 122
-15 24 5 -2.951965 122
-65 21 6 -2.902831 225
-55 21 6 -2.829157 224.8609
-45 21 6 -2.850185 224
-65 22 6 -4.495505 40.63423
-55 22 6 -4.359848 40.48457
-45 22 6 NA 40
-65 23 6 -3.262569 283.4625
-55 23 6 -3.18586 283.4305
-45 23 6 -3.040619 283
-65 24 6 -3.687282 126
-55 24 6 -3.543866 125.5208
-45 24 6 -3.665098 125
-55 21 7 -2.809024 227
-45 21 7 -2.773337 227
-35 21 7 -2.511285 227
-25 21 7 -1.881202 227
-15 21 7 -1.271894 227
-5 21 7 NA 227
-55 22 7 -3.930407 43
-45 22 7 -3.994987 43
-35 22 7 -3.286704 43
-25 22 7 -3.608475 43
-15 22 7 -3.183069 43
-5 22 7 0.003647874 43
-65 23 7 -3.327116 286
-55 23 7 -3.315389 286
-65 24 7 -3.849529 128
-55 24 7 -3.55238 128
-5 21 8 -1.094785 229
5 21 8 -1.648414 229
15 21 8 -3.296311 229
25 21 8 -3.793181 229
35 21 8 -3.160417 229
-5 22 8 1.404823 45
5 22 8 1.851783 45
15 22 8 1.169054 45
25 22 8 1.550969 45
35 22 8 1.799863 45
-55 23 8 NA 289
-45 23 8 -3.021671 289
-35 23 8 -2.944959 289
-25 23 8 -2.51149 289
-15 23 8 -2.072452 289
-5 23 8 -1.116147 289
-55 24 8 -3.6424 131
-45 24 8 -3.42465 131
-35 24 8 -3.227887 131
-25 24 8 -2.918564 131
-15 24 8 -2.717873 131
-5 24 8 -1.385169 131
35 21 9 NA 232
45 21 9 -4.70812 232
55 21 9 NA 232
65 21 9 -8.189244 232
75 21 9 -9.331382 232
35 22 9 2.335251 48
45 22 9 1.750338 48
55 22 9 2.249244 48
65 22 9 3.738572 48
75 22 9 3.764887 48
-5 23 9 -1.923373 291
5 23 9 -3.716085 291
15 23 9 -3.96694 291
-5 24 9 -1.616704 133
5 24 9 0.5497296 133
15 24 9 2.457884 133
25 24 9 2.771065 133
35 24 9 3.571146 133
65 22 10 5.389877 49
75 22 10 4.745183 49
5 23 10 -4.098286 292
15 23 10 -3.873515 292
25 23 10 -3.280589 292
35 23 10 -2.760639 292
35 24 10 3.778939 136
45 24 10 3.815169 136
55 24 10 4.058937 136
65 24 10 4.520157 136
35 22 11 2.370597 51
45 22 11 3.876628 51
55 22 11 4.218961 51
65 22 11 4.248923 51
35 23 11 -2.826593 295
45 23 11 -2.38426 295
55 23 11 -2.217448 295
65 23 11 -2.016661 295
45 24 11 4.339048 137
65 24 11 4.687455 137
45 23 12 -2.504132 297
55 23 12 -0.8439846 297
65 23 12 -2.275961 297
75 23 12 -2.363903 297
45 24 12 3.631673 138
55 24 12 NA 138
65 24 12 4.969228 138.286
75 24 12 4.818338 138
35 23 13 -2.78254 299.0926
45 23 13 -2.869868 299
55 23 13 -2.357786 299
65 23 13 -1.897498 299
35 24 13 3.27403 140
45 24 13 3.510958 140
55 24 13 4.078032 140
65 24 13 4.101064 140
