-65 -55 -45 -35 -25 -15 -5 5 15 25 35 45 55 65 75
350 450 550 650 750 850 950
-3.195661 -3.392957 -3.545159 -3.663481 -3.791733 -3.907154 -4.060849
-2.954576 -3.165099 -3.277615 -3.423916 -3.562359 -3.730522 -3.778786
-2.810392 -2.870749 -2.930704 -3.00374 -3.178787 -3.274253 -3.50911
-2.453144 -2.592915 -2.764585 -2.924799 -3.117471 -3.284341 -3.3108
-2.230384 -2.434396 -2.586835 -2.521998 -2.584675 -2.901076 -3.114822
-1.926161 -2.085448 -2.283689 -2.257262 -2.295679 -2.52373 -2.755359
-1.772905 -1.399465 -1.266429 -0.9302858 -0.827014 -1.237529 -1.791165
-1.548834 -1.659984 -1.564805 -1.28639 -1.164127 -0.9839858 -0.7925323
-1.514631 -1.499072 -1.495065 -1.429747 -1.194449 -0.7479004 -0.06875272
-1.24202 -1.011585 -0.8056263 -0.6075035 -0.4819372 -0.1947324 0.2287824
-0.8357174 -0.6311805 -0.463586 -0.3946252 0.02939971 0.1637205 0.3396586
-0.4370756 -0.2002756 -0.02040598 0.1629629 0.4249434 0.6647825 1.062901
-0.5305788 -0.2759227 0.2581871 0.6800895 1.140159 1.505892 1.752531
-0.7793127 -0.4543626 -0.2654017 -0.2262402 0.2464529 0.1789183 2.143735
-1.626456 -0.9683787 -0.8360912 -0.8207602 -0.5890454 -0.3861665 -0.1636197
