lat prs camp flt x yday
5 350 21 1 -0.6199705 210
15 350 21 1 -1.331016 210
25 350 21 1 -1.035088 210
35 350 21 1 -1.204114 210
5 450 21 1 -0.8090817 210
15 450 21 1 -1.195481 210
25 450 21 1 -0.5655034 210
5 550 21 1 -0.7572904 210
15 550 21 1 -1.142652 210
25 550 21 1 -0.453173 210
5 650 21 1 -0.6138077 210
15 650 21 1 -1.081686 210
25 650 21 1 -0.8847279 210
5 750 21 1 -0.5375771 210
15 750 21 1 -1.02917 210
5 850 21 1 -0.3291543 210
15 850 21 1 -1.019708 210
25 850 21 1 -1.621125 210
5 950 21 1 -0.1219144 210
15 950 21 1 -0.8973244 210
25 950 21 1 -1.765097 210
5 350 22 1 -1.955041 25
15 350 22 1 -1.620626 25.64151
25 350 22 1 -0.7074293 25.73333
35 350 22 1 -0.5007848 25.14894
5 450 22 1 -1.908729 25
15 450 22 1 -1.658838 25.5
25 450 22 1 -0.9421289 26
35 450 22 1 0.1784988 26
5 550 22 1 -1.812759 25
15 550 22 1 -1.586264 25.51852
25 550 22 1 -0.2442988 26
35 550 22 1 1.351722 26
5 650 22 1 -1.294052 25
15 650 22 1 -1.050789 25.5
25 650 22 1 0.881475 26
35 650 22 1 2.184909 26
5 750 22 1 -1.198366 25
15 750 22 1 -0.2119784 25.71429
25 750 22 1 1.815197 26
35 750 22 1 2.736562 26
5 850 22 1 -0.9266607 25
15 850 22 1 1.251565 26
25 850 22 1 2.82067 26
35 850 22 1 3.528732 26
5 950 22 1 -0.753732 25
15 950 22 1 1.716849 26
25 950 22 1 3.812092 26
-5 350 23 1 -2.99549 270
5 350 23 1 -3.043597 270
15 350 23 1 -3.386298 270
25 350 23 1 -3.43097 270
35 350 23 1 -3.67087 270.2581
-5 450 23 1 -3.02173 270
5 450 23 1 -3.177403 270
15 450 23 1 -3.513288 270
25 450 23 1 -3.335815 270
35 450 23 1 -4.032339 270.4923
-5 550 23 1 -2.935271 270
5 550 23 1 -3.302802 270
15 550 23 1 -3.803978 270
25 550 23 1 -3.603834 270
35 550 23 1 -4.58736 270.4688
5 650 23 1 -2.918354 270
15 650 23 1 -4.144619 270
25 650 23 1 -4.136674 270
35 650 23 1 -4.985024 270.4324
5 750 23 1 -2.623763 270
15 750 23 1 -4.503907 270
25 750 23 1 -4.639907 270
35 750 23 1 -4.184612 270.6154
5 850 23 1 -2.164616 270
15 850 23 1 -4.802285 270
25 850 23 1 -5.026352 270
35 850 23 1 -3.422467 270.66
5 950 23 1 -1.74189 270
15 950 23 1 -4.96109 270
25 950 23 1 -4.793725 270
35 950 23 1 -2.335094 270.9
5 350 24 1 0.4616683 113
15 350 24 1 1.043978 113
25 350 24 1 0.5264099 113
35 350 24 1 0.985277 113
5 450 24 1 0.3811075 113
15 450 24 1 1.072916 113
25 450 24 1 1.060895 113
35 450 24 1 1.241038 113
5 550 24 1 0.4171098 113
15 550 24 1 1.323351 113
25 550 24 1 1.14213 113
35 550 24 1 1.732568 113.3462
5 650 24 1 0.9882903 113
15 650 24 1 1.480744 113
25 650 24 1 1.42619 113
35 650 24 1 1.901071 113.4667
5 750 24 1 1.481273 113
15 750 24 1 1.742269 113
25 750 24 1 1.856557 113
5 850 24 1 1.027367 113
15 850 24 1 1.62276 113
25 850 24 1 1.929244 113
5 950 24 1 0.4686744 113
15 950 24 1 3.000278 113
25 950 24 1 4.377793 113
35 350 21 2 -0.9505222 213
45 350 21 2 -1.319309 213
65 350 21 2 -6.497943 213.1282
75 350 21 2 -9.239782 213
65 450 21 2 -7.442281 213.7614
75 450 21 2 -8.289709 213
65 550 21 2 -8.547556 213
75 550 21 2 -8.44182 213
65 650 21 2 -9.974875 213
75 650 21 2 -9.791132 213
75 750 21 2 -10.06775 213
75 850 21 2 -10.11044 213
75 950 21 2 -10.32693 213
35 350 22 2 -0.4755554 28
45 350 22 2 0.2294624 28
55 350 22 2 1.033832 28
65 350 22 2 1.28435 29
75 350 22 2 1.416473 29
35 450 22 2 -0.3610362 28
45 450 22 2 1.260022 28
55 450 22 2 2.001681 28
65 450 22 2 2.890955 29
75 450 22 2 3.127764 29
35 550 22 2 -0.4582877 28
45 550 22 2 1.834668 28
55 550 22 2 2.543125 28
65 550 22 2 3.46861 29
75 550 22 2 3.257679 29
35 650 22 2 -0.2294945 28
45 650 22 2 1.908446 28
55 650 22 2 3.098452 28
65 650 22 2 3.633268 29
75 650 22 2 3.573947 29
35 750 22 2 0.2041806 28
45 750 22 2 2.390691 28
55 750 22 2 3.500641 28
65 750 22 2 3.984279 29
75 750 22 2 4.065433 29
35 850 22 2 1.071619 28
45 850 22 2 3.260211 28
55 850 22 2 3.664721 28
65 850 22 2 4.624223 29
75 850 22 2 4.722992 29
35 950 22 2 1.616396 28
45 950 22 2 3.802688 28
55 950 22 2 3.868267 28
65 950 22 2 4.791711 29
75 950 22 2 5.726836 29
35 350 23 2 -3.454314 273
45 350 23 2 -3.237205 273
55 350 23 2 -4.237703 273
65 350 23 2 -4.502337 274
75 350 23 2 -4.784835 273.5581
35 450 23 2 -3.235581 273
45 450 23 2 -3.322342 273
55 450 23 2 -4.473622 273
65 450 23 2 -4.904225 274
75 450 23 2 -5.004373 273.5455
35 550 23 2 -3.589067 273
45 550 23 2 -3.564101 273
55 550 23 2 -4.885596 273
65 550 23 2 -5.073567 274
75 550 23 2 -5.269738 273.8421
35 650 23 2 -4.605979 273
45 650 23 2 -4.031471 273
55 650 23 2 -5.282319 273
65 650 23 2 -5.267473 274
75 650 23 2 -5.710621 274
35 750 23 2 -5.886462 273
45 750 23 2 -4.944741 273
55 750 23 2 -5.689993 273
65 750 23 2 -5.330005 274
75 750 23 2 -6.055099 274
35 850 23 2 -5.982308 273
45 850 23 2 -5.624595 273
55 850 23 2 -5.829963 273
75 850 23 2 -6.3875 274
35 950 23 2 -5.695952 273
45 950 23 2 -5.42743 273
55 950 23 2 -5.084984 273
75 950 23 2 -6.360532 274
35 350 24 2 1.935459 116
45 350 24 2 2.303145 116
55 350 24 2 3.260156 116
65 350 24 2 3.672643 117
75 350 24 2 3.122649 116.36
35 450 24 2 2.261122 116
45 450 24 2 2.673612 116
55 450 24 2 4.005013 116
65 450 24 2 4.252414 117
75 450 24 2 4.315084 116.4762
35 550 24 2 2.497739 116
45 550 24 2 3.024096 116
55 550 24 2 4.071434 116
65 550 24 2 5.020455 117
75 550 24 2 5.048045 116.5179
35 650 24 2 2.552471 116
45 650 24 2 3.494988 116
55 650 24 2 4.346908 116
65 650 24 2 6.071683 117
75 650 24 2 6.442266 116.4921
35 750 24 2 3.259528 116
45 750 24 2 4.152887 116
55 750 24 2 5.036947 116
65 750 24 2 6.488426 117
75 750 24 2 7.284303 116.5172
35 850 24 2 3.879446 116
45 850 24 2 5.026018 116
55 850 24 2 5.608198 116
65 850 24 2 7.056316 117
75 850 24 2 7.792512 116.4468
35 950 24 2 4.54713 116
45 950 24 2 5.452504 116
55 950 24 2 6.173846 116
65 950 24 2 7.542211 117
75 950 24 2 8.398617 116.6042
25 350 21 3 -1.404332 216
35 350 21 3 -1.771129 215.2836
45 350 21 3 -4.928823 215
55 350 21 3 -6.659155 215
65 350 21 3 -8.147012 215
25 450 21 3 -0.9287451 216
35 450 21 3 -1.157823 215.3061
45 450 21 3 -3.75525 215
55 450 21 3 -5.095827 215
65 450 21 3 -9.060403 215
25 550 21 3 -0.8751376 216
35 550 21 3 -1.017006 215.4583
45 550 21 3 -2.743111 215
55 550 21 3 -4.429442 215
65 550 21 3 -8.761545 215
25 650 21 3 -0.7848244 216
35 650 21 3 -1.659799 215.2836
45 650 21 3 -2.052698 215
55 650 21 3 -3.704745 215
65 650 21 3 -9.173051 215
25 750 21 3 -0.8117358 216
35 750 21 3 -2.348417 215.5333
45 750 21 3 -1.669384 215
55 750 21 3 -2.950382 215
65 750 21 3 -9.870849 215
35 850 21 3 -3.141891 215.4884
45 850 21 3 -1.42625 215
55 850 21 3 -2.305677 215
65 850 21 3 -12.03051 215
35 950 21 3 -3.038843 215.4865
45 950 21 3 -0.7930869 215
55 950 21 3 -3.398072 215
25 350 22 3 -0.2219844 32
35 350 22 3 0.6618004 32
45 350 22 3 1.12539 31
55 350 22 3 1.478981 31
65 350 22 3 2.331848 31
25 450 22 3 -0.2623463 32
35 450 22 3 1.309994 32
45 450 22 3 2.308684 31
55 450 22 3 2.691327 31
65 450 22 3 2.706905 31
25 550 22 3 0.3888605 32
35 550 22 3 2.148113 32
45 550 22 3 3.165639 31
55 550 22 3 3.516023 31
65 550 22 3 3.076413 31
25 650 22 3 0.9057993 32
35 650 22 3 2.987808 32
45 650 22 3 3.748548 31
55 650 22 3 4.035635 31
65 650 22 3 3.260179 31
15 750 22 3 0.566735 32
25 750 22 3 1.444503 32
35 750 22 3 3.421194 32
45 750 22 3 4.071668 31
55 750 22 3 4.209514 31
65 750 22 3 3.810091 31
15 850 22 3 2.290153 32
25 850 22 3 2.296345 32
35 850 22 3 3.645765 32
45 850 22 3 4.493506 31
55 850 22 3 4.688436 31
65 850 22 3 4.160905 31
15 950 22 3 2.895536 32
25 950 22 3 3.21436 32
35 950 22 3 3.716717 32
45 950 22 3 4.766382 31
55 950 22 3 6.273322 31
25 350 23 3 -3.422539 277
35 350 23 3 -3.601642 276
45 350 23 3 -2.55965 276
55 350 23 3 -3.120199 276
65 350 23 3 -4.307361 276
25 450 23 3 -3.582046 277
35 450 23 3 -4.19034 276
45 450 23 3 -3.621395 276
55 450 23 3 -3.461271 276
65 450 23 3 -4.424998 276
25 550 23 3 -4.136013 276.3438
35 550 23 3 -4.588646 276
45 550 23 3 -4.436495 276
55 550 23 3 -3.843032 276
25 650 23 3 -4.304888 276.45
35 650 23 3 -4.672937 276
45 650 23 3 -4.767081 276
55 650 23 3 -3.546821 276
25 750 23 3 -4.481084 276.4571
35 750 23 3 -4.473595 276
45 750 23 3 -4.523693 276
55 750 23 3 -2.924027 276
25 850 23 3 -4.669119 276.4138
35 850 23 3 -3.850176 276
45 850 23 3 -3.334649 276
55 850 23 3 -2.411649 276
25 950 23 3 -4.841262 276
35 950 23 3 -3.992888 276
45 950 23 3 -1.847681 276
55 950 23 3 -2.271515 276
25 350 24 3 1.736166 119
35 350 24 3 3.053224 118
45 350 24 3 3.037388 118
55 350 24 3 1.629364 118
65 350 24 3 2.954366 118
25 450 24 3 2.630802 118.7843
35 450 24 3 3.663365 118
45 450 24 3 3.32526 118
55 450 24 3 2.074951 118
65 450 24 3 3.981923 118
25 550 24 3 2.828659 118.75
35 550 24 3 4.123502 118
45 550 24 3 3.263112 118
55 550 24 3 2.591943 118
65 550 24 3 4.437117 118
25 650 24 3 3.550404 118.6809
35 650 24 3 4.494386 118
45 650 24 3 3.733605 118
55 650 24 3 3.355357 118
65 650 24 3 4.933126 118
25 750 24 3 3.93116 118.6667
35 750 24 3 4.732021 118
45 750 24 3 4.270915 118
55 750 24 3 4.272167 118
25 850 24 3 4.37468 118.6757
35 850 24 3 4.910817 118
45 850 24 3 5.013667 118
55 850 24 3 4.720772 118
15 950 24 3 3.661732 119
25 950 24 3 5.075239 118.7877
35 950 24 3 5.109973 118
45 950 24 3 4.925009 118
55 950 24 3 5.024351 118
-15 350 21 4 -0.683418 219
-5 350 21 4 -0.6475436 218.6834
5 350 21 4 -0.4907949 218
15 350 21 4 -1.151613 218
-15 450 21 4 -0.7361255 219
-5 450 21 4 -0.7244389 218.6023
5 450 21 4 -0.59525 218
15 450 21 4 -0.6948578 218
-15 550 21 4 -0.809141 219
-5 550 21 4 -0.7538788 218.5915
5 550 21 4 -0.5813552 218
15 550 21 4 -0.7524756 218
-15 650 21 4 -0.8561917 219
-5 650 21 4 -0.7258559 218.4068
5 650 21 4 -0.5672266 218
15 650 21 4 -0.7814093 218
-15 750 21 4 -0.9184042 219
-5 750 21 4 -0.5650322 218.525
5 750 21 4 -0.5068103 218
15 750 21 4 -0.8368289 218
-15 850 21 4 -1.004912 219
-5 850 21 4 -0.3615425 218.4444
5 850 21 4 -0.3381124 218
15 850 21 4 -1.352088 218
-15 950 21 4 -1.014029 219
-5 950 21 4 -0.3388671 218.4255
5 950 21 4 -0.2564877 218
15 950 21 4 -1.351826 218
-15 350 22 4 -1.746222 34
-5 350 22 4 -1.470412 33.87179
5 350 22 4 -0.8652067 33
15 350 22 4 -0.593386 33
-15 450 22 4 -1.856637 34
-5 450 22 4 -1.370898 33.79167
5 450 22 4 -0.8343248 33
15 450 22 4 -0.9354677 33
-15 550 22 4 -2.011894 34
-5 550 22 4 -1.557751 33.81429
5 550 22 4 -0.6540408 33
15 550 22 4 -0.5080111 33
-15 650 22 4 -1.847406 34
-5 650 22 4 -1.662935 33.79661
5 650 22 4 -0.6631767 33
15 650 22 4 -0.2195469 33
-15 750 22 4 -1.612925 34
-5 750 22 4 -1.530517 33.78182
5 750 22 4 -1.006248 33
15 750 22 4 -0.06672655 33
-15 850 22 4 -1.417806 34
-5 850 22 4 -1.256022 33.76471
5 850 22 4 -0.591657 33
15 850 22 4 0.6564622 33
-15 950 22 4 -1.295299 34
-5 950 22 4 -1.25094 33.94286
5 950 22 4 -0.4459612 33
15 950 22 4 1.439996 33
-15 350 23 4 -2.854788 279
-5 350 23 4 -2.863081 279
5 350 23 4 -2.982301 278.2759
15 350 23 4 -2.522033 278
-15 450 23 4 -2.837017 279
-5 450 23 4 -2.865859 279
5 450 23 4 -3.02151 278.5238
15 450 23 4 -3.192964 278
-15 550 23 4 -2.790301 279
-5 550 23 4 -2.859264 279
5 550 23 4 -3.118068 278.4717
15 550 23 4 -3.59791 278
-15 650 23 4 -2.718941 279
-5 650 23 4 -2.835337 279
5 650 23 4 -3.126794 278.5319
15 650 23 4 -3.850524 278
-15 750 23 4 -2.707202 279
-5 750 23 4 -2.837395 279
5 750 23 4 -3.182503 278.475
15 750 23 4 -4.197383 278
-15 850 23 4 -2.763691 279
-5 850 23 4 -2.836687 279
5 850 23 4 -2.825039 278.5
15 850 23 4 -4.435834 278
-15 950 23 4 -3.115607 279
-5 950 23 4 -2.697903 279
5 950 23 4 -2.544645 278.4301
15 950 23 4 -4.485632 278
-15 350 24 4 -1.705366 121
-5 350 24 4 -1.245055 121
5 350 24 4 -0.7527693 120
15 350 24 4 0.9522469 120
-15 450 24 4 -1.94649 121
-5 450 24 4 -1.269863 120.9259
5 450 24 4 -0.8102498 120
15 450 24 4 1.254097 120
-15 550 24 4 -2.669046 121
-5 550 24 4 -1.007689 120.7049
5 550 24 4 -0.3307816 120
15 550 24 4 0.853037 120
-15 650 24 4 -3.053107 121
-5 650 24 4 -0.8778267 120.7037
5 650 24 4 0.05949402 120
15 650 24 4 0.9060233 120
-15 750 24 4 -3.2895 121
-5 750 24 4 -0.6352962 120.7059
5 750 24 4 0.4267072 120
15 750 24 4 1.14589 120
-15 850 24 4 -3.724198 121
-5 850 24 4 -0.4539272 120.7073
5 850 24 4 0.6919354 120
15 850 24 4 1.879858 120
-15 950 24 4 -3.790442 121
-5 950 24 4 -0.2793455 120.3785
5 950 24 4 1.029839 120
15 950 24 4 3.772117 120
-45 350 21 5 -1.352207 220.5319
-35 350 21 5 -1.144813 220
-15 350 21 5 -0.6716603 220
-45 450 21 5 -1.486162 220.75
-35 450 21 5 -1.385732 220
-15 450 21 5 -0.7433534 220
-45 550 21 5 -1.527105 220.7818
-35 550 21 5 -1.736 220
-15 550 21 5 -0.8522479 220
-45 650 21 5 -1.715182 220.9035
-35 650 21 5 -2.044762 220
-25 650 21 5 -0.915286 220
-15 650 21 5 -0.901736 220
-45 750 21 5 -2.18999 221
-35 750 21 5 -2.506995 220
-25 750 21 5 -1.005638 220
-15 750 21 5 -0.968703 220
-45 850 21 5 -3.044148 221
-35 850 21 5 -2.966113 220
-25 850 21 5 -1.209637 220
-15 850 21 5 -1.066839 220
-45 950 21 5 -3.22534 221
-35 950 21 5 -3.153183 220
-25 950 21 5 -1.583277 220
-15 950 21 5 -1.189035 220
-55 350 22 5 -3.62794 36
-45 350 22 5 -3.086028 35.86585
-35 350 22 5 -2.724161 35
-25 350 22 5 -2.824985 35
-15 350 22 5 -2.791481 35
-55 450 22 5 -3.769843 36
-45 450 22 5 -3.067037 36
-35 450 22 5 -3.155984 35
-25 450 22 5 -3.290246 35
-15 450 22 5 -2.683806 35
-55 550 22 5 -3.835261 36
-45 550 22 5 -2.915918 36
-35 550 22 5 -3.490962 35
-25 550 22 5 -3.215717 35
-15 550 22 5 -2.284604 35
-55 650 22 5 -4.375244 36
-45 650 22 5 -2.772555 36
-35 650 22 5 -3.578049 35
-25 650 22 5 -2.905063 35
-15 650 22 5 -2.105632 35
-55 750 22 5 -4.538234 36
-45 750 22 5 -3.151011 36
-35 750 22 5 -3.664607 35
-25 750 22 5 -2.8453 35
-15 750 22 5 -2.093564 35
-55 850 22 5 -4.658073 36
-45 850 22 5 -2.74523 36
-35 850 22 5 -3.726194 35
-25 850 22 5 -3.152723 35
-15 850 22 5 -2.022149 35
-55 950 22 5 -4.709672 36
-45 950 22 5 -2.821173 36
-35 950 22 5 -3.144725 35
-25 950 22 5 -3.548079 35
-55 350 23 5 -2.452835 281
-45 350 23 5 -2.592078 280.8322
-35 350 23 5 -2.580772 280
-25 350 23 5 -2.471967 280
-15 350 23 5 -2.583748 280
-55 450 23 5 -2.436804 281
-45 450 23 5 -2.538181 280.8584
-35 450 23 5 -2.586809 280
-25 450 23 5 -2.57071 280
-15 450 23 5 -2.704858 280
-55 550 23 5 -2.416637 281
-45 550 23 5 -2.574806 280.9023
-35 550 23 5 -2.497886 280
-25 550 23 5 -2.634075 280
-15 550 23 5 -2.815497 280
-55 650 23 5 -2.482908 281
-45 650 23 5 -2.626947 280.8916
-35 650 23 5 -2.496293 280
-25 650 23 5 -2.675312 280
-15 650 23 5 -2.713923 280
-55 750 23 5 -2.670982 281
-45 750 23 5 -2.775367 281
-35 750 23 5 -2.727777 280
-25 750 23 5 -2.753841 280
-15 750 23 5 -2.626976 280
-55 850 23 5 -3.082541 281
-45 850 23 5 -3.004434 281
-35 850 23 5 -3.11122 280
-25 850 23 5 -2.917251 280
-15 850 23 5 -2.966583 280
-55 950 23 5 -3.587387 281
-45 950 23 5 -3.700927 281
-35 950 23 5 -3.471871 280
-25 950 23 5 -3.136903 280
-15 950 23 5 -3.115277 280
-45 350 24 5 -2.926361 123
-35 350 24 5 -2.535826 122.4231
-25 350 24 5 -2.297784 122
-15 350 24 5 -2.222364 122
-45 450 24 5 -2.973284 123
-35 450 24 5 -2.93016 122.6667
-25 450 24 5 -2.66739 122
-15 450 24 5 -2.331272 122
-45 550 24 5 -3.079521 123
-35 550 24 5 -3.104807 122.4615
-25 550 24 5 -2.865142 122
-15 550 24 5 -2.626504 122
-45 650 24 5 -3.12385 123
-35 650 24 5 -3.188334 122.3636
-25 650 24 5 -3.153123 122
-15 650 24 5 -3.099114 122
-45 750 24 5 -3.138466 123
-35 750 24 5 -3.257156 122.3611
-25 750 24 5 -3.349917 122
-15 750 24 5 -3.428708 122
-45 850 24 5 -3.053091 123
-35 850 24 5 -3.482674 122.3714
-25 850 24 5 -3.567467 122
-15 850 24 5 -3.58859 122
-45 950 24 5 -3.121503 123
-35 950 24 5 -3.487226 122.5278
-25 950 24 5 -3.64139 122
-15 950 24 5 -3.630234 122
-65 350 21 6 -2.324495 225
-55 350 21 6 -1.778354 224.7868
-45 350 21 6 -1.538622 224
-65 450 21 6 -2.591841 225
-55 450 21 6 -2.160287 224.875
-45 450 21 6 -1.760615 224
-65 550 21 6 -2.733101 225
-55 550 21 6 -2.466233 224.8427
-45 550 21 6 -2.000276 224
-65 650 21 6 -2.766146 225
-55 650 21 6 -2.635533 224.8642
-45 650 21 6 -2.307759 224
-65 750 21 6 -2.858492 225
-55 750 21 6 -2.776049 224.8571
-45 750 21 6 -2.552223 224
-65 850 21 6 -2.960915 225
-55 850 21 6 -2.867095 224.8451
-45 850 21 6 -2.807316 224
-65 950 21 6 -2.995443 225
-55 950 21 6 -2.874641 224.9554
-45 950 21 6 -3.308557 224
-65 350 22 6 -3.811052 40.60504
-55 350 22 6 -3.643124 40.18254
-45 350 22 6 -3.708745 40
-65 450 22 6 -3.989876 40.63107
-55 450 22 6 -3.841034 40.52439
-45 450 22 6 -3.646272 40
-65 550 22 6 -4.218453 40.65476
-55 550 22 6 -4.019697 40.52857
-45 550 22 6 -3.702183 40
-65 650 22 6 -4.416502 40.67143
-55 650 22 6 -4.073801 40.59375
-45 650 22 6 -3.660534 40
-65 750 22 6 -4.613304 40.66129
-55 750 22 6 -4.270494 40.54
-65 850 22 6 -4.716044 40.65
-55 850 22 6 -4.541387 40.48649
-65 950 22 6 -4.878472 40.56604
-55 950 22 6 -4.568384 40.53623
-65 350 23 6 -2.691464 283.5024
-55 350 23 6 -2.577032 283.3908
-45 350 23 6 -2.589545 283
-65 450 23 6 -2.886694 283.4872
-55 450 23 6 -2.762207 283.4609
-45 450 23 6 -2.599563 283
-65 550 23 6 -3.071767 283.4792
-55 550 23 6 -2.952847 283.6
-45 550 23 6 -2.664684 283
-65 650 23 6 -3.241247 283.425
-55 650 23 6 -3.086094 283.3158
-45 650 23 6 -2.797155 283
-65 750 23 6 -3.393421 283.4545
-55 750 23 6 -3.292244 283.3673
-45 750 23 6 -3.043413 283
-65 850 23 6 -3.599432 283.4865
-55 850 23 6 -3.621772 283.5747
-45 850 23 6 -3.14962 283
-65 950 23 6 -3.851305 283.4028
-55 950 23 6 -3.723518 283.3037
-45 950 23 6 -3.367945 283
-65 350 24 6 -3.322419 126
-55 350 24 6 -3.177653 125.4277
-45 350 24 6 -3.42083 125
-65 450 24 6 -3.535378 126
-55 450 24 6 -3.367635 125.4375
-45 450 24 6 -3.576178 125
-65 550 24 6 -3.664601 126
-55 550 24 6 -3.483437 125.5054
-45 550 24 6 -3.696672 125
-65 650 24 6 -3.755573 126
-55 650 24 6 -3.525639 125.6
-45 650 24 6 -3.849742 125
-65 750 24 6 -3.817879 126
-55 750 24 6 -3.599259 125.5921
-45 750 24 6 -3.995252 125
-65 850 24 6 -3.941937 126
-55 850 24 6 -3.761171 125.5714
-45 850 24 6 -4.099858 125
-65 950 24 6 -4.028453 126
-55 950 24 6 -3.79717 125.5111
-45 950 24 6 -4.002412 125
-55 350 21 7 -2.013363 227
-45 350 21 7 -2.01844 227
-35 350 21 7 -1.175607 227
-25 350 21 7 -1.063824 227
-15 350 21 7 -1.561351 227
-5 350 21 7 -1.48558 227
-55 450 21 7 -2.278338 227
-45 450 21 7 -2.330934 227
-35 450 21 7 -1.257637 227
-25 450 21 7 -0.9793193 227
-15 450 21 7 -1.111951 227
-5 450 21 7 -1.172793 227
-55 550 21 7 -2.506715 227
-45 550 21 7 -2.571186 227
-35 550 21 7 -1.555793 227
-25 550 21 7 -1.035808 227
-15 550 21 7 -0.9519138 227
-5 550 21 7 -1.12211 227
-55 650 21 7 -2.598342 227
-45 650 21 7 -2.634265 227
-35 650 21 7 -1.833742 227
-25 650 21 7 -1.180627 227
-15 650 21 7 -0.9048968 227
-5 650 21 7 -0.9605618 227
-55 750 21 7 -2.692665 227
-45 750 21 7 -2.760956 227
-35 750 21 7 -2.203634 227
-25 750 21 7 -1.115124 227
-15 750 21 7 -0.9108247 227
-55 850 21 7 -2.742655 227
-45 850 21 7 -2.816165 227
-35 850 21 7 -2.251451 227
-25 850 21 7 -1.457341 227
-15 850 21 7 -1.094167 227
-55 950 21 7 -2.739263 227
-45 950 21 7 -2.843369 227
-35 950 21 7 -1.879739 227
-25 950 21 7 -1.106105 227
-15 950 21 7 -1.057927 227
-55 350 22 7 -3.430477 43
-45 350 22 7 -3.405224 43
-35 350 22 7 -3.475736 43
-25 350 22 7 -2.322265 43
-15 350 22 7 -1.261029 43
-5 350 22 7 -0.704232 43
-55 450 22 7 -3.64189 43
-45 450 22 7 -3.417844 43
-35 450 22 7 -3.243965 43
-25 450 22 7 -2.793665 43
-15 450 22 7 -2.563547 43
-5 450 22 7 -0.01086115 43
-55 550 22 7 -3.843072 43
-45 550 22 7 -3.517796 43
-35 550 22 7 -3.187601 43
-25 550 22 7 -3.486133 43
-15 550 22 7 -3.514881 43
-5 550 22 7 0.3736686 43
-55 650 22 7 -4.003623 43
-45 650 22 7 -3.707327 43
-35 650 22 7 -3.35863 43
-25 650 22 7 -3.190459 43
-15 650 22 7 -3.034148 43
-5 650 22 7 1.020387 43
-55 750 22 7 -4.238555 43
-45 750 22 7 -3.89125 43
-35 750 22 7 -3.599326 43
-25 750 22 7 -3.269702 43
-15 750 22 7 -3.347022 43
-5 750 22 7 1.109015 43
-55 850 22 7 -4.380624 43
-45 850 22 7 -4.037053 43
-35 850 22 7 -3.848421 43
-15 850 22 7 -3.969917 43
-5 850 22 7 -1.380381 43
-55 950 22 7 -4.180655 43
-45 950 22 7 -4.496002 43
-35 950 22 7 -4.113052 43
-15 950 22 7 -4.094091 43
-5 950 22 7 -3.561031 43
-65 350 23 7 -2.976376 286
-55 350 23 7 -2.837335 286
-65 450 23 7 -3.100697 286
-55 450 23 7 -2.987877 286
-65 550 23 7 -3.192245 286
-55 550 23 7 -3.126627 286
-65 650 23 7 -3.262102 286
-55 650 23 7 -3.234265 286
-65 750 23 7 -3.357911 286
-55 750 23 7 -3.314713 286
-65 850 23 7 -3.384783 286
-55 850 23 7 -3.599391 286
-65 950 23 7 -3.393736 286
-55 950 23 7 -3.544275 286
-65 350 24 7 -3.491047 128
-55 350 24 7 -3.123288 128
-65 450 24 7 -3.738989 128
-55 450 24 7 -3.471856 128
-65 550 24 7 -3.828513 128
-55 550 24 7 -3.593944 128
-65 650 24 7 -3.900952 128
-55 650 24 7 -3.728433 128
-65 750 24 7 -4.019003 128
-55 750 24 7 -3.785638 128
-65 850 24 7 -4.156068 128
-55 850 24 7 -3.706078 128
-65 950 24 7 -4.503501 128
-55 950 24 7 -3.727145 128
-5 350 21 8 -1.776463 229
5 350 21 8 -2.753155 229
15 350 21 8 -3.566456 229
25 350 21 8 -3.257733 229
35 350 21 8 -2.944507 229
-5 450 21 8 -1.398081 229
5 450 21 8 -2.658332 229
15 450 21 8 -3.882222 229
25 450 21 8 -3.224475 229
35 450 21 8 -3.058337 229
-5 550 21 8 -1.088679 229
5 550 21 8 -2.369197 229
15 550 21 8 -3.741445 229
25 550 21 8 -3.308085 229
35 550 21 8 -3.32963 229
-5 650 21 8 -0.7659772 229
5 650 21 8 -2.123001 229
15 650 21 8 -4.192715 229
25 650 21 8 -3.614713 229
35 650 21 8 -3.861193 229
-5 750 21 8 0.1090645 229
5 750 21 8 -2.088065 229
15 750 21 8 -4.331771 229
25 750 21 8 -4.16409 229
35 750 21 8 -4.221236 229
-5 850 21 8 -0.3806461 229
5 850 21 8 -1.12645 229
15 850 21 8 -3.409146 229
25 850 21 8 -3.399812 229
35 850 21 8 -4.741233 229
-5 950 21 8 -0.936142 229
5 950 21 8 -0.6432869 229
15 950 21 8 -2.755397 229
25 950 21 8 -4.574389 229
35 950 21 8 -5.174239 229
-5 350 22 8 -2.114629 45
5 350 22 8 -0.8373317 45
15 350 22 8 -0.7188767 45
25 350 22 8 -0.3375222 45
35 350 22 8 -0.1594963 45
-5 450 22 8 -0.01751539 45
5 450 22 8 -0.473374 45
15 450 22 8 -0.4437549 45
25 450 22 8 0.03934397 45
35 450 22 8 0.1004241 45
-5 550 22 8 0.08165178 45
5 550 22 8 -0.07768626 45
15 550 22 8 -0.1718626 45
25 550 22 8 0.3183467 45
35 550 22 8 0.3375699 45
-5 650 22 8 0.5828302 45
5 650 22 8 0.6272705 45
15 650 22 8 -0.4113223 45
25 650 22 8 0.4167235 45
35 650 22 8 1.142252 45
-5 750 22 8 1.17428 45
5 750 22 8 1.433964 45
15 750 22 8 -0.4881672 45
25 750 22 8 0.7330006 45
35 750 22 8 2.405267 45
-5 850 22 8 -0.0490196 45
5 850 22 8 1.777483 45
15 850 22 8 0.4652927 45
25 850 22 8 1.717137 45
35 850 22 8 3.196509 45
-5 950 22 8 -2.21731 45
5 950 22 8 1.997902 45
15 950 22 8 1.922735 45
25 950 22 8 2.234289 45
35 950 22 8 3.370969 45
-55 350 23 8 -2.838923 289
-45 350 23 8 -2.879872 289
-35 350 23 8 -2.880362 289
-25 350 23 8 -3.000844 289
-15 350 23 8 -3.139996 289
-5 350 23 8 -3.512874 289
-55 450 23 8 -3.099325 289
-45 450 23 8 -2.854607 289
-35 450 23 8 -2.778251 289
-25 450 23 8 -2.855672 289
-15 450 23 8 -2.940784 289
-5 450 23 8 -2.150657 289
-45 550 23 8 -2.774621 289
-35 550 23 8 -2.768081 289
-25 550 23 8 -2.80409 289
-15 550 23 8 -2.83508 289
-5 550 23 8 -1.656334 289
-45 650 23 8 -2.774375 289
-35 650 23 8 -2.803638 289
-25 650 23 8 -2.703194 289
-15 650 23 8 -2.539308 289
-5 650 23 8 -1.502681 289
-45 750 23 8 -2.883256 289
-35 750 23 8 -2.879402 289
-25 750 23 8 -2.413175 289
-15 750 23 8 -2.23679 289
-5 750 23 8 -1.190764 289
-45 850 23 8 -3.092984 289
-35 850 23 8 -3.059711 289
-25 850 23 8 -2.68406 289
-15 850 23 8 -2.927586 289
-5 850 23 8 -1.82311 289
-45 950 23 8 -3.424274 289
-35 950 23 8 -3.582871 289
-25 950 23 8 -3.023902 289
-15 950 23 8 -3.028309 289
-5 950 23 8 -2.650263 289
-55 350 24 8 -3.354462 131
-45 350 24 8 -3.237223 131
-35 350 24 8 -2.315186 131
-25 350 24 8 -1.672703 131
-15 350 24 8 -1.233276 131
-5 350 24 8 -0.4302576 131
-55 450 24 8 -3.557297 131
-45 450 24 8 -3.396457 131
-35 450 24 8 -2.672269 131
-25 450 24 8 -1.993477 131
-15 450 24 8 -1.631825 131
-5 450 24 8 -1.008041 131
-55 550 24 8 -3.641159 131
-45 550 24 8 -3.459363 131
-35 550 24 8 -3.146535 131
-25 550 24 8 -2.213688 131
-15 550 24 8 -2.277955 131
-5 550 24 8 -1.747545 131
-55 650 24 8 -3.708307 131
-45 650 24 8 -3.509867 131
-35 650 24 8 -3.552393 131
-25 650 24 8 -2.716757 131
-15 650 24 8 -2.638974 131
-5 650 24 8 -1.824063 131
-55 750 24 8 -3.762634 131
-45 750 24 8 -3.543853 131
-35 750 24 8 -3.644542 131
-25 750 24 8 -3.256948 131
-15 750 24 8 -2.809225 131
-5 750 24 8 -1.668047 131
-55 850 24 8 -3.775245 131
-45 850 24 8 -3.718053 131
-35 850 24 8 -3.379767 131
-25 850 24 8 -3.581457 131
-15 850 24 8 -3.16428 131
-55 950 24 8 -3.814206 131
-45 950 24 8 -3.757367 131
-35 950 24 8 -3.221261 131
-25 950 24 8 -3.67527 131
-15 950 24 8 -3.321818 131
45 350 21 9 -3.168149 232
55 350 21 9 -5.519792 232
65 350 21 9 -5.049817 232
75 350 21 9 -6.624696 232
35 450 21 9 -3.163679 232
45 450 21 9 -4.013886 232
55 450 21 9 -6.691148 232
65 450 21 9 -6.60288 232
75 450 21 9 -7.601724 232
35 550 21 9 -3.741341 232
45 550 21 9 -5.573651 232
65 550 21 9 -7.439046 232
75 550 21 9 -7.961531 232
35 650 21 9 -5.734184 232
45 650 21 9 -6.878384 232
65 650 21 9 -8.381491 232
75 650 21 9 -8.734102 232
45 750 21 9 -7.169728 232
65 750 21 9 -9.394788 232
75 750 21 9 -8.910554 232
45 850 21 9 -7.682834 232
65 850 21 9 -9.45545 232
75 850 21 9 -10.01109 232
45 950 21 9 -6.679685 232
75 950 21 9 -11.40121 232
35 350 22 9 0.2998257 48
45 350 22 9 0.3572672 48
55 350 22 9 1.842059 48
65 350 22 9 2.360882 48
75 350 22 9 1.767195 48
35 450 22 9 0.3098332 48
45 450 22 9 0.4979664 48
55 450 22 9 1.829599 48
65 450 22 9 2.797943 48
75 450 22 9 2.955078 48
35 550 22 9 0.4277997 48
45 550 22 9 0.5162576 48
55 550 22 9 2.167232 48
65 550 22 9 3.346742 48
75 550 22 9 3.218036 48
35 650 22 9 1.054153 48
45 650 22 9 0.9613865 48
55 650 22 9 2.517008 48
65 650 22 9 3.733019 48
75 650 22 9 3.533581 48
35 750 22 9 2.129959 48
45 750 22 9 1.672873 48
55 750 22 9 3.028806 48
65 750 22 9 4.012579 48
75 750 22 9 3.793798 48
35 850 22 9 3.134677 48
45 850 22 9 2.550869 48
55 850 22 9 3.501074 48
65 850 22 9 4.393467 48
75 850 22 9 4.512085 48
35 950 22 9 3.661627 48
45 950 22 9 3.483652 48
55 950 22 9 3.746248 48
65 950 22 9 4.769045 48
75 950 22 9 4.291861 48
-5 350 23 9 -4.058316 291
5 350 23 9 -4.421826 291
15 350 23 9 -5.020655 291
-5 450 23 9 -3.619357 291
5 450 23 9 -4.492657 291
15 450 23 9 -5.084469 291
-5 550 23 9 -2.300874 291
5 550 23 9 -4.543027 291
15 550 23 9 -5.471795 291
-5 650 23 9 -0.668704 291
5 650 23 9 -4.027765 291
15 650 23 9 -5.271583 291
-5 750 23 9 -1.566883 291
5 750 23 9 -5.261859 291
15 750 23 9 -5.669768 291
-5 850 23 9 -2.754584 291
5 850 23 9 -5.51215 291
15 850 23 9 -5.517395 291
-5 950 23 9 -2.591781 291
5 950 23 9 -5.754458 291
15 950 23 9 -4.201211 291
-5 350 24 9 -0.4182367 133
5 350 24 9 0.07950584 133
15 350 24 9 0.6488921 133
25 350 24 9 1.165762 133
35 350 24 9 1.616145 133
-5 450 24 9 -0.8628347 133
5 450 24 9 0.4481482 133
15 450 24 9 1.094298 133
25 450 24 9 1.3041 133
35 450 24 9 1.863081 133
-5 550 24 9 -1.067389 133
5 550 24 9 0.4227148 133
15 550 24 9 1.348999 133
25 550 24 9 1.529183 133
35 550 24 9 2.254489 133
-5 650 24 9 -1.620084 133
5 650 24 9 0.2727348 133
15 650 24 9 1.755183 133
25 650 24 9 1.864163 133
35 650 24 9 3.158541 133
-5 750 24 9 -1.585552 133
5 750 24 9 0.9145181 133
15 750 24 9 3.098317 133
25 750 24 9 2.351333 133
35 750 24 9 3.912289 133
-5 850 24 9 -1.658191 133
5 850 24 9 1.354331 133
15 850 24 9 3.663749 133
25 850 24 9 2.929535 133
-5 950 24 9 -1.941233 133
5 950 24 9 1.642181 133
15 950 24 9 2.970064 133
25 950 24 9 3.139825 133
65 350 22 10 -0.5428702 49
75 350 22 10 1.407038 49
65 450 22 10 1.595706 49
75 450 22 10 2.799417 49
65 550 22 10 2.675076 49
75 550 22 10 3.626709 49
65 650 22 10 3.452599 49
75 650 22 10 4.377335 49
65 750 22 10 4.91593 49
75 750 22 10 5.419616 49
65 850 22 10 6.873587 49
75 850 22 10 5.93477 49
65 950 22 10 7.97347 49
75 950 22 10 7.099167 49
15 350 23 10 -4.83686 292
25 350 23 10 -4.647152 292
35 350 23 10 -3.57607 292
5 450 23 10 -5.398751 292
15 450 23 10 -4.830568 292
25 450 23 10 -4.213858 292
35 450 23 10 -3.368944 292
5 550 23 10 -5.609497 292
15 550 23 10 -5.016703 292
25 550 23 10 -3.495857 292
35 550 23 10 -3.020939 292
5 650 23 10 -5.521471 292
15 650 23 10 -4.872084 292
25 650 23 10 -3.309846 292
35 650 23 10 -2.718939 292
5 750 23 10 -5.496499 292
15 750 23 10 -4.99992 292
25 750 23 10 -3.214659 292
35 750 23 10 -2.760777 292
5 850 23 10 -6.31042 292
15 850 23 10 -5.178725 292
25 850 23 10 -3.140191 292
35 850 23 10 -2.974328 292
5 950 23 10 -5.471526 292
15 950 23 10 -3.614851 292
25 950 23 10 -3.03557 292
35 950 23 10 -3.056788 292
45 350 24 10 2.67183 136
55 350 24 10 2.853085 136
65 350 24 10 2.917229 136
35 450 24 10 2.895466 136
45 450 24 10 2.782587 136
55 450 24 10 3.032102 136
65 450 24 10 4.024064 136
35 550 24 10 2.949638 136
45 550 24 10 3.175663 136
55 550 24 10 3.464041 136
65 550 24 10 4.579687 136
35 650 24 10 3.066166 136
45 650 24 10 3.525785 136
55 650 24 10 3.72208 136
65 650 24 10 4.737657 136
35 750 24 10 3.217511 136
45 750 24 10 3.855823 136
55 750 24 10 3.922164 136
65 750 24 10 5.064691 136
35 850 24 10 3.407976 136
45 850 24 10 3.55986 136
55 850 24 10 4.188893 136
65 850 24 10 5.334506 136
45 950 24 10 2.779079 136
55 950 24 10 4.710434 136
65 950 24 10 5.575514 136
35 350 22 11 0.0984279 51
45 350 22 11 1.704319 51
55 350 22 11 2.404685 51
65 350 22 11 2.642847 51
35 450 22 11 1.058607 51
45 450 22 11 2.509654 51
55 450 22 11 3.172951 51
65 450 22 11 3.03739 51
35 550 22 11 2.123065 51
45 550 22 11 3.186701 51
55 550 22 11 3.526764 51
65 550 22 11 3.430642 51
35 650 22 11 2.801443 51
45 650 22 11 3.640099 51
55 650 22 11 3.786819 51
65 650 22 11 3.168856 51
35 750 22 11 2.828763 51
45 750 22 11 4.095799 51
55 750 22 11 4.067836 51
65 750 22 11 3.597281 51
35 850 22 11 2.769571 51
45 850 22 11 4.617071 51
55 850 22 11 4.625981 51
65 850 22 11 4.457318 51
45 950 22 11 5.015217 51
55 950 22 11 5.209994 51
45 350 23 11 -3.104119 295
55 350 23 11 -2.395807 295
65 350 23 11 -2.419348 295
35 450 23 11 -3.487571 295
45 450 23 11 -3.134439 295
55 450 23 11 -2.502668 295
65 450 23 11 -2.469739 295
35 550 23 11 -3.417907 295
45 550 23 11 -2.77247 295
55 550 23 11 -2.324347 295
65 550 23 11 -2.12325 295
35 650 23 11 -3.158481 295
45 650 23 11 -2.452793 295
55 650 23 11 -1.962578 295
65 650 23 11 -2.079743 295
35 750 23 11 -2.88797 295
45 750 23 11 -2.139505 295
55 750 23 11 -2.015373 295
65 750 23 11 -2.296057 295
35 850 23 11 -2.803842 295
45 850 23 11 -1.865827 295
55 850 23 11 -2.183741 295
65 850 23 11 -2.339217 295
35 950 23 11 -2.70904 295
45 950 23 11 -1.855117 295
55 950 23 11 -2.299037 295
65 950 23 11 -2.51575 295
45 350 24 11 2.158099 137
65 350 24 11 3.210717 137
45 450 24 11 2.651637 137
65 450 24 11 3.960461 137
45 550 24 11 3.275729 137
65 550 24 11 4.54968 137
45 650 24 11 3.866992 137
65 650 24 11 4.945293 137
45 750 24 11 4.397904 137
65 750 24 11 5.418097 137
45 850 24 11 4.718387 137
65 850 24 11 5.688571 137
45 950 24 11 4.762429 137
65 950 24 11 5.847499 137
45 350 23 12 -2.721824 297
55 350 23 12 -2.759611 297
65 350 23 12 -3.047899 297
75 350 23 12 -3.00123 297
45 450 23 12 -2.546464 297
55 450 23 12 -2.518381 297
65 450 23 12 -2.850866 297
75 450 23 12 -2.971061 297
45 550 23 12 -2.626369 297
55 550 23 12 -2.194414 297
65 550 23 12 -2.91169 297
75 550 23 12 -3.169448 297
45 650 23 12 -2.550954 297
55 650 23 12 -1.427251 297
65 650 23 12 -3.129182 297
75 650 23 12 -3.381941 297
45 750 23 12 -2.477051 297
55 750 23 12 0.09781981 297
65 750 23 12 -2.965564 297
75 750 23 12 -3.311894 297
55 850 23 12 1.372791 297
65 850 23 12 -2.476865 297
75 850 23 12 -2.670623 297
55 950 23 12 2.529818 297
65 950 23 12 -3.538606 297
75 950 23 12 -2.138245 297
45 350 24 12 2.682069 138
55 350 24 12 2.771721 138
65 350 24 12 3.194634 138.1633
75 350 24 12 2.954373 138
45 450 24 12 2.918456 138
65 450 24 12 4.049516 138.1897
75 450 24 12 3.906066 138
45 550 24 12 3.634537 138
65 550 24 12 4.460737 138.1719
75 550 24 12 4.313784 138
45 650 24 12 4.183773 138
65 650 24 12 5.006326 138.5147
75 650 24 12 4.749613 138
45 750 24 12 4.194505 138
65 750 24 12 5.200218 138.325
75 750 24 12 5.099538 138
65 850 24 12 5.341525 138.4444
75 850 24 12 5.493735 138
65 950 24 12 6.45117 138.1932
75 950 24 12 6.114568 138
35 350 23 13 -2.689067 299.5392
45 350 23 13 -2.877605 299
55 350 23 13 -2.983075 299
65 350 23 13 -3.239166 299
35 450 23 13 -2.533141 299.1087
45 450 23 13 -2.652212 299
55 450 23 13 -2.988417 299
65 450 23 13 -3.073192 299
35 550 23 13 -2.445863 299
45 550 23 13 -2.580699 299
55 550 23 13 -2.964573 299
65 550 23 13 -2.719376 299
35 650 23 13 -2.370712 299
45 650 23 13 -2.67586 299
55 650 23 13 -2.812109 299
65 650 23 13 -2.488918 299
35 750 23 13 -2.476078 299
45 750 23 13 -2.762889 299
55 750 23 13 -2.68794 299
65 750 23 13 -2.350196 299
35 850 23 13 -2.657711 299
45 850 23 13 -2.777914 299
55 850 23 13 -2.579738 299
65 850 23 13 -2.313008 299
35 950 23 13 -2.607587 299
45 950 23 13 -2.645941 299
55 950 23 13 -2.732946 299
35 350 24 13 1.936734 140
45 350 24 13 1.690931 140
55 350 24 13 2.892003 140
65 350 24 13 2.843702 140
35 450 24 13 2.396703 140
45 450 24 13 2.117401 140
55 450 24 13 3.740709 140
65 450 24 13 3.799336 140
35 550 24 13 2.749226 140
45 550 24 13 2.561654 140
55 550 24 13 4.633173 140
65 550 24 13 4.859301 140
35 650 24 13 3.070741 140
45 650 24 13 3.18729 140
55 650 24 13 5.58383 140
65 650 24 13 5.467895 140
35 750 24 13 3.158576 140
45 750 24 13 4.214468 140
55 750 24 13 6.151472 140
65 750 24 13 5.520268 140
35 850 24 13 3.025035 140
45 850 24 13 5.429871 140
55 850 24 13 6.133609 140
35 950 24 13 2.976444 140
45 950 24 13 5.839803 140
55 950 24 13 5.592111 140
