-65 -55 -45 -35 -25 -15 -5 5 15 25 35 45 55 65 75
350 450 550 650 750 850 950
1.440793 1.37818 1.466608 1.618089 1.724373 1.71528 1.811155
1.497432 1.418618 1.403478 1.539831 1.614692 1.685126 1.594692
1.636669 1.436736 1.319646 1.187441 1.089415 0.6788179 0.4937658
1.957268 1.765464 1.579755 1.475039 1.260642 1.13321 1.054322
1.583669 1.873306 2.052259 1.808677 1.782308 1.986302 2.32656
1.643266 1.788887 1.601236 1.15078 1.238253 1.201113 1.567985
2.986816 2.066302 1.42621 1.114602 1.261161 1.680329 2.460272
3.752754 4.461016 4.74557 4.736184 5.58207 5.787481 5.489759
5.134328 5.676591 6.031978 6.245396 7.136861 7.741324 8.026262
5.229556 5.713657 5.844326 6.449379 7.220023 8.019161 9.485742
5.486471 6.147784 6.747325 7.687774 8.338717 8.700309 8.907987
6.126432 6.970719 7.809812 8.627707 9.354524 10.20598 9.825523
7.712815 8.479743 8.32411 8.526328 8.607507 8.670842 9.170652
8.771878 10.56177 11.81619 12.86343 12.83226 14.26776 11.25548
9.593173 11.33048 12.25156 13.88226 14.87679 15.86312 16.97011
