-65 -55 -45 -35 -25 -15 -5 5 15 25 35 45 55 65 75
350 450 550 650 750 850 950
-3.275536 -3.524301 -3.700516 -3.865152 -4.017868 -4.242241 -4.797686
-2.999956 -3.201816 -3.302143 -3.450408 -3.617811 -3.811294 -3.95036
-2.809523 -2.804579 -2.86982 -2.977836 -3.168571 -3.327283 -3.237647
-2.492748 -2.67575 -2.716661 -2.695147 -2.752702 -2.899431 -2.979038
-2.05389 -2.347785 -2.479308 -2.45886 -2.511644 -2.523998 -2.700933
-1.697802 -1.990281 -2.012046 -2.025695 -2.173125 -2.289356 -2.493182
-1.544946 -1.391732 -1.152898 -0.8498634 -0.7323428 -1.229153 -1.707417
-1.250329 -1.205393 -1.063404 -0.9162597 -0.8044347 -0.7326179 -0.7905058
-0.9326944 -0.9423681 -0.8753104 -0.6966604 -0.317432 0.06369723 0.4136647
-0.2777465 -0.1605836 -0.01139295 0.1249977 0.3076101 0.5711021 0.7324671
0.1758756 0.4864591 0.6454084 0.7305898 1.032909 1.064741 1.128985
0.4935846 0.6360907 0.7578612 0.9379105 1.1904 1.530156 1.888931
0.3010669 0.7529179 1.197252 1.424567 1.734062 2.04272 2.348043
0.1234995 0.6080753 0.6830755 0.8533101 1.261251 1.216467 2.947118
-0.7066298 0.06479717 0.2546199 0.4497836 0.475641 0.4856262 0.6672522
