lat prs camp flt x yday
5 350 21 1 -0.3604019 210
15 350 21 1 -0.4690944 210
25 350 21 1 -0.07826609 210
35 350 21 1 -0.4890029 210
5 450 21 1 -0.3815688 210
15 450 21 1 -0.4022385 210
25 450 21 1 0.01236789 210
5 550 21 1 -0.4172154 210
15 550 21 1 -0.4525929 210
25 550 21 1 0.06991606 210
5 650 21 1 -0.5474692 210
15 650 21 1 -0.4739372 210
25 650 21 1 -0.03899995 210
5 750 21 1 -0.6544438 210
15 750 21 1 -0.4334585 210
5 850 21 1 -0.687821 210
15 850 21 1 -0.4329811 210
25 850 21 1 -0.1865486 210
5 950 21 1 -0.6724613 210
15 950 21 1 -0.5318039 210
25 950 21 1 -0.4700518 210
5 350 22 1 -1.613635 25
15 350 22 1 -0.6722143 25.64151
25 350 22 1 0.4866618 25.73333
35 350 22 1 1.226863 25.14894
5 450 22 1 -1.278555 25
15 450 22 1 -0.9771575 25.5
25 450 22 1 -0.1766815 26
35 450 22 1 2.347785 26
5 550 22 1 -1.070517 25
15 550 22 1 -0.7493939 25.51852
25 550 22 1 0.3790483 26
35 550 22 1 3.17493 26
5 650 22 1 -0.8113187 25
15 650 22 1 0.07860161 25.5
25 650 22 1 1.307149 26
35 650 22 1 3.834984 26
5 750 22 1 -0.8508659 25
15 750 22 1 1.063793 25.71429
25 750 22 1 2.582553 26
35 750 22 1 4.646316 26
5 850 22 1 -0.7720007 25
15 850 22 1 2.202495 26
25 850 22 1 3.807699 26
35 850 22 1 5.875357 26
5 950 22 1 -1.020484 25
15 950 22 1 2.763158 26
25 950 22 1 4.45229 26
-5 350 23 1 -2.31083 270
5 350 23 1 -2.621575 270
15 350 23 1 -2.949724 270
25 350 23 1 -2.822063 270
35 350 23 1 -3.342987 270.2581
-5 450 23 1 -2.391362 270
5 450 23 1 -2.578325 270
15 450 23 1 -3.107434 270
25 450 23 1 -2.922936 270
35 450 23 1 -3.53476 270.4923
-5 550 23 1 -2.337543 270
5 550 23 1 -2.499279 270
15 550 23 1 -3.274785 270
25 550 23 1 -3.232927 270
35 550 23 1 -3.879208 270.4688
5 650 23 1 -2.433487 270
15 650 23 1 -3.434164 270
25 650 23 1 -3.507503 270
35 650 23 1 -3.9383 270.4324
5 750 23 1 -2.242925 270
15 750 23 1 -3.827388 270
25 750 23 1 -3.910217 270
35 750 23 1 -3.574658 270.6154
5 850 23 1 -1.687443 270
15 850 23 1 -4.404273 270
25 850 23 1 -4.589517 270
35 850 23 1 -3.352965 270.66
5 950 23 1 -1.070021 270
15 950 23 1 -4.766929 270
25 950 23 1 -4.763345 270
35 950 23 1 -2.063244 270.9
5 350 24 1 0.7870997 113
15 350 24 1 1.580305 113
25 350 24 1 2.134375 113
35 350 24 1 2.891255 113
5 450 24 1 0.5946583 113
15 450 24 1 1.884816 113
25 450 24 1 2.370161 113
35 450 24 1 3.547811 113
5 550 24 1 0.5514765 113
15 550 24 1 1.762618 113
25 550 24 1 2.590393 113
35 550 24 1 3.995953 113.3462
5 650 24 1 0.5336949 113
15 650 24 1 1.816374 113
25 650 24 1 2.396287 113
35 650 24 1 4.034205 113.4667
5 750 24 1 0.9424102 113
15 750 24 1 2.337013 113
25 750 24 1 2.042281 113
5 850 24 1 0.6352588 113
15 850 24 1 2.829195 113
25 850 24 1 2.066808 113
5 950 24 1 0.09658669 113
15 950 24 1 3.294341 113
25 950 24 1 3.274864 113
35 350 21 2 -0.2951889 213
45 350 21 2 -0.7290485 213
65 350 21 2 -6.751669 213.1282
75 350 21 2 -7.811872 213
65 450 21 2 -5.840683 213.7614
75 450 21 2 -8.260659 213
65 550 21 2 -7.004734 213
75 550 21 2 -8.38325 213
65 650 21 2 -7.825842 213
75 650 21 2 -8.273327 213
75 750 21 2 -8.402325 213
75 850 21 2 -8.731905 213
75 950 21 2 -8.835699 213
35 350 22 2 0.7934053 28
45 350 22 2 2.264697 28
55 350 22 2 2.741501 28
65 350 22 2 2.73618 29
75 350 22 2 2.177892 29
35 450 22 2 1.110901 28
45 450 22 2 2.890661 28
55 450 22 2 4.334913 28
65 450 22 2 4.035355 29
75 450 22 2 4.27116 29
35 550 22 2 1.631557 28
45 550 22 2 2.947938 28
55 550 22 2 5.014656 28
65 550 22 2 4.437087 29
75 550 22 2 4.819042 29
35 650 22 2 1.945194 28
45 650 22 2 3.090079 28
55 650 22 2 5.180026 28
65 650 22 2 4.551192 29
75 650 22 2 5.339317 29
35 750 22 2 2.237827 28
45 750 22 2 3.59128 28
55 750 22 2 5.234174 28
65 750 22 2 4.817528 29
75 750 22 2 5.446458 29
35 850 22 2 2.724619 28
45 850 22 2 4.042588 28
55 850 22 2 5.276892 28
65 850 22 2 5.272679 29
75 850 22 2 5.576695 29
35 950 22 2 4.366316 28
45 950 22 2 4.804019 28
55 950 22 2 5.325462 28
65 950 22 2 6.263369 29
75 950 22 2 6.613998 29
35 350 23 2 -3.362652 273
45 350 23 2 -3.232519 273
55 350 23 2 -3.658727 273
65 350 23 2 -3.455992 274
75 350 23 2 -3.41207 273.5581
35 450 23 2 -3.263654 273
45 450 23 2 -3.20431 273
55 450 23 2 -3.642757 273
65 450 23 2 -3.440668 274
75 450 23 2 -3.310264 273.5455
35 550 23 2 -3.229297 273
45 550 23 2 -3.300721 273
55 550 23 2 -3.645076 273
65 550 23 2 -3.425636 274
75 550 23 2 -3.128631 273.8421
35 650 23 2 -3.34232 273
45 650 23 2 -3.442016 273
55 650 23 2 -3.627492 273
65 650 23 2 -3.251219 274
75 650 23 2 -3.009241 274
35 750 23 2 -3.618875 273
45 750 23 2 -3.581541 273
55 750 23 2 -3.506681 273
65 750 23 2 -3.147605 274
75 750 23 2 -3.192785 274
35 850 23 2 -3.804041 273
45 850 23 2 -3.791515 273
55 850 23 2 -3.679957 273
75 850 23 2 -3.333658 274
35 950 23 2 -3.588532 273
45 950 23 2 -3.519743 273
55 950 23 2 -3.580825 273
75 950 23 2 -3.193987 274
35 350 24 2 4.096831 116
45 350 24 2 4.240308 116
55 350 24 2 4.971948 116
65 350 24 2 5.240789 117
75 350 24 2 5.067729 116.36
35 450 24 2 4.29275 116
45 450 24 2 4.610831 116
55 450 24 2 5.993177 116
65 450 24 2 6.619878 117
75 450 24 2 6.69592 116.4762
35 550 24 2 4.512656 116
45 550 24 2 4.783369 116
55 550 24 2 6.173938 116
65 550 24 2 7.333522 117
75 550 24 2 6.928222 116.5179
35 650 24 2 4.503425 116
45 650 24 2 5.041851 116
55 650 24 2 6.322702 116
65 650 24 2 7.530572 117
75 650 24 2 7.340866 116.4921
35 750 24 2 4.95876 116
45 750 24 2 5.517483 116
55 750 24 2 6.768855 116
65 750 24 2 7.59212 117
75 750 24 2 7.611934 116.5172
35 850 24 2 5.325625 116
45 850 24 2 5.68722 116
55 850 24 2 7.228383 116
65 850 24 2 7.579916 117
75 850 24 2 7.71382 116.4468
35 950 24 2 5.259889 116
45 950 24 2 5.431595 116
55 950 24 2 7.495898 116
65 950 24 2 7.438327 117
75 950 24 2 8.024903 116.6042
25 350 21 3 -1.133896 216
35 350 21 3 -1.21515 215.2836
45 350 21 3 -3.66683 215
55 350 21 3 -5.126915 215
65 350 21 3 -7.184903 215
25 450 21 3 -0.8561979 216
35 450 21 3 -0.9156724 215.3061
45 450 21 3 -3.789697 215
55 450 21 3 -4.60647 215
65 450 21 3 -8.54432 215
25 550 21 3 -0.8948756 216
35 550 21 3 -1.15947 215.4583
45 550 21 3 -3.232011 215
55 550 21 3 -4.686659 215
65 550 21 3 -9.001461 215
25 650 21 3 -0.6607083 216
35 650 21 3 -1.552591 215.2836
45 650 21 3 -2.41325 215
55 650 21 3 -4.796558 215
65 650 21 3 -8.275414 215
25 750 21 3 -0.7639045 216
35 750 21 3 -2.590159 215.5333
45 750 21 3 -2.166407 215
55 750 21 3 -4.783594 215
65 750 21 3 -7.800449 215
35 850 21 3 -3.162026 215.4884
45 850 21 3 -2.136184 215
55 850 21 3 -4.455816 215
65 850 21 3 -8.040438 215
35 950 21 3 -3.280183 215.4865
45 950 21 3 -1.824996 215
55 950 21 3 -3.468341 215
25 350 22 3 1.553104 32
35 350 22 3 2.553374 32
45 350 22 3 2.660986 31
55 350 22 3 2.752603 31
65 350 22 3 2.972374 31
25 450 22 3 0.915679 32
35 450 22 3 2.807714 32
45 450 22 3 3.472176 31
55 450 22 3 3.707106 31
65 450 22 3 3.429265 31
25 550 22 3 1.567752 32
35 550 22 3 3.116456 32
45 550 22 3 3.871707 31
55 550 22 3 4.170118 31
65 550 22 3 4.514566 31
25 650 22 3 1.747545 32
35 650 22 3 3.647655 32
45 650 22 3 4.263035 31
55 650 22 3 4.619949 31
65 650 22 3 4.945152 31
15 750 22 3 1.915942 32
25 750 22 3 2.962658 32
35 750 22 3 4.577582 32
45 750 22 3 4.848276 31
55 750 22 3 5.172872 31
65 750 22 3 5.031905 31
15 850 22 3 2.980096 32
25 850 22 3 3.538077 32
35 850 22 3 5.02725 32
45 850 22 3 5.519592 31
55 850 22 3 5.998544 31
65 850 22 3 5.055077 31
15 950 22 3 3.449956 32
25 950 22 3 4.098166 32
35 950 22 3 5.041622 32
45 950 22 3 5.460423 31
55 950 22 3 6.87858 31
25 350 23 3 -3.380395 277
35 350 23 3 -3.231551 276
45 350 23 3 -3.133055 276
55 350 23 3 -2.963217 276
65 350 23 3 -3.50778 276
25 450 23 3 -3.218856 277
35 450 23 3 -3.216258 276
45 450 23 3 -3.314475 276
55 450 23 3 -3.151593 276
65 450 23 3 -3.359548 276
25 550 23 3 -3.355882 276.3438
35 550 23 3 -3.162284 276
45 550 23 3 -3.382752 276
55 550 23 3 -3.254169 276
25 650 23 3 -3.464313 276.45
35 650 23 3 -3.250364 276
45 650 23 3 -3.545109 276
55 650 23 3 -3.05966 276
25 750 23 3 -3.677429 276.4571
35 750 23 3 -3.194635 276
45 750 23 3 -3.43064 276
55 750 23 3 -2.539905 276
25 850 23 3 -3.77345 276.4138
35 850 23 3 -2.682113 276
45 850 23 3 -2.061388 276
55 850 23 3 -1.727624 276
25 950 23 3 -3.687734 276
35 950 23 3 -2.099399 276
45 950 23 3 1.011692 276
55 950 23 3 -1.132355 276
25 350 24 3 3.326534 119
35 350 24 3 4.360739 118
45 350 24 3 3.623499 118
55 350 24 3 3.108923 118
65 350 24 3 3.156294 118
25 450 24 3 4.008489 118.7843
35 450 24 3 5.115263 118
45 450 24 3 3.601797 118
55 450 24 3 3.501354 118
65 450 24 3 3.760618 118
25 550 24 3 4.069501 118.75
35 550 24 3 5.452506 118
45 550 24 3 3.861242 118
55 550 24 3 3.902879 118
65 550 24 3 4.530885 118
25 650 24 3 4.523376 118.6809
35 650 24 3 5.672083 118
45 650 24 3 4.339007 118
55 650 24 3 4.553721 118
65 650 24 3 5.20088 118
25 750 24 3 4.681376 118.6667
35 750 24 3 5.783472 118
45 750 24 3 4.721187 118
55 750 24 3 5.55481 118
25 850 24 3 4.937918 118.6757
35 850 24 3 5.775177 118
45 850 24 3 5.706058 118
55 850 24 3 5.858938 118
15 950 24 3 4.07236 119
25 950 24 3 5.568282 118.7877
35 950 24 3 5.51024 118
45 950 24 3 6.08424 118
55 950 24 3 6.364255 118
-15 350 21 4 -0.8019285 219
-5 350 21 4 -0.8732225 218.6834
5 350 21 4 -0.6983191 218
15 350 21 4 -1.115574 218
-15 450 21 4 -1.108092 219
-5 450 21 4 -1.075454 218.6023
5 450 21 4 -0.8219466 218
15 450 21 4 -0.6305843 218
-15 550 21 4 -1.144185 219
-5 550 21 4 -1.03237 218.5915
5 550 21 4 -0.7276659 218
15 550 21 4 -0.5950613 218
-15 650 21 4 -1.191489 219
-5 650 21 4 -0.9498542 218.4068
5 650 21 4 -0.6565414 218
15 650 21 4 -0.5662106 218
-15 750 21 4 -1.269026 219
-5 750 21 4 -0.8044297 218.525
5 750 21 4 -0.5545529 218
15 750 21 4 -0.6769652 218
-15 850 21 4 -1.333656 219
-5 850 21 4 -0.6996092 218.4444
5 850 21 4 -0.4676581 218
15 850 21 4 -1.226782 218
-15 950 21 4 -1.342015 219
-5 950 21 4 -0.6215256 218.4255
5 950 21 4 -0.3613257 218
15 950 21 4 -1.304422 218
-15 350 22 4 -1.697336 34
-5 350 22 4 -1.236454 33.87179
5 350 22 4 -0.2951612 33
15 350 22 4 0.007097549 33
-15 450 22 4 -1.636928 34
-5 450 22 4 -1.461041 33.79167
5 450 22 4 0.09728801 33
15 450 22 4 0.2901725 33
-15 550 22 4 -1.552194 34
-5 550 22 4 -1.540296 33.81429
5 550 22 4 0.1825986 33
15 550 22 4 0.5359197 33
-15 650 22 4 -1.486406 34
-5 650 22 4 -1.54864 33.79661
5 650 22 4 -0.2376806 33
15 650 22 4 0.6401326 33
-15 750 22 4 -1.34638 34
-5 750 22 4 -1.440586 33.78182
5 750 22 4 -0.6387685 33
15 750 22 4 0.6738886 33
-15 850 22 4 -1.234128 34
-5 850 22 4 -0.9957007 33.76471
5 850 22 4 -0.9470533 33
15 850 22 4 1.121077 33
-15 950 22 4 -1.191478 34
-5 950 22 4 -0.8145886 33.94286
5 950 22 4 -1.07487 33
15 950 22 4 1.21523 33
-15 350 23 4 -2.22167 279
-5 350 23 4 -2.605998 279
5 350 23 4 -2.920923 278.2759
15 350 23 4 -3.088044 278
-15 450 23 4 -2.447074 279
-5 450 23 4 -2.704601 279
5 450 23 4 -2.964686 278.5238
15 450 23 4 -3.219043 278
-15 550 23 4 -2.505837 279
-5 550 23 4 -2.734884 279
5 550 23 4 -2.899268 278.4717
15 550 23 4 -3.34735 278
-15 650 23 4 -2.599978 279
-5 650 23 4 -2.701766 279
5 650 23 4 -2.953415 278.5319
15 650 23 4 -3.43789 278
-15 750 23 4 -2.734329 279
-5 750 23 4 -2.790195 279
5 750 23 4 -3.049236 278.475
15 750 23 4 -3.671101 278
-15 850 23 4 -2.860001 279
-5 850 23 4 -2.944587 279
5 850 23 4 -3.120283 278.5
15 850 23 4 -3.810009 278
-15 950 23 4 -2.894067 279
-5 950 23 4 -3.167864 279
5 950 23 4 -3.165391 278.4301
15 950 23 4 -3.846601 278
-15 350 24 4 -1.235259 121
-5 350 24 4 -1.587306 121
5 350 24 4 -0.7481983 120
15 350 24 4 1.22934 120
-15 450 24 4 -1.64133 121
-5 450 24 4 -1.595228 120.9259
5 450 24 4 -0.9847212 120
15 450 24 4 0.9098639 120
-15 550 24 4 -1.762799 121
-5 550 24 4 -1.53055 120.7049
5 550 24 4 -0.6750205 120
15 550 24 4 0.2721473 120
-15 650 24 4 -1.86476 121
-5 650 24 4 -1.388467 120.7037
5 650 24 4 -0.8022631 120
15 650 24 4 0.4854452 120
-15 750 24 4 -2.003926 121
-5 750 24 4 -1.329457 120.7059
5 750 24 4 -0.6493053 120
15 750 24 4 0.8229444 120
-15 850 24 4 -2.373476 121
-5 850 24 4 -1.201644 120.7073
5 850 24 4 -0.5069063 120
15 850 24 4 1.709918 120
-15 950 24 4 -2.596924 121
-5 950 24 4 -0.9668483 120.3785
5 950 24 4 -0.437057 120
15 950 24 4 3.251584 120
-45 350 21 5 -2.277836 220.5319
-35 350 21 5 -1.826719 220
-15 350 21 5 -0.8991812 220
-45 450 21 5 -2.168085 220.75
-35 450 21 5 -2.23784 220
-15 450 21 5 -1.045785 220
-45 550 21 5 -2.228902 220.7818
-35 550 21 5 -2.437482 220
-15 550 21 5 -1.162921 220
-45 650 21 5 -2.37074 220.9035
-35 650 21 5 -2.534826 220
-25 650 21 5 -1.297528 220
-15 650 21 5 -1.301618 220
-45 750 21 5 -2.456388 221
-35 750 21 5 -2.689991 220
-25 750 21 5 -1.36563 220
-15 750 21 5 -1.411668 220
-45 850 21 5 -2.842512 221
-35 850 21 5 -2.738511 220
-25 850 21 5 -1.410144 220
-15 850 21 5 -1.484269 220
-45 950 21 5 -2.877359 221
-35 950 21 5 -2.773409 220
-25 950 21 5 -1.560896 220
-15 950 21 5 -1.650366 220
-55 350 22 5 -3.50115 36
-45 350 22 5 -2.934634 35.86585
-35 350 22 5 -3.256971 35
-25 350 22 5 -2.71807 35
-15 350 22 5 -2.089227 35
-55 450 22 5 -3.728649 36
-45 450 22 5 -2.749509 36
-35 450 22 5 -3.541783 35
-25 450 22 5 -2.85132 35
-15 450 22 5 -2.046788 35
-55 550 22 5 -4.009023 36
-45 550 22 5 -2.719738 36
-35 550 22 5 -3.476324 35
-25 550 22 5 -2.590898 35
-15 550 22 5 -1.982393 35
-55 650 22 5 -4.729251 36
-45 650 22 5 -2.661655 36
-35 650 22 5 -3.184533 35
-25 650 22 5 -2.250534 35
-15 650 22 5 -1.888503 35
-55 750 22 5 -4.937503 36
-45 750 22 5 -3.153819 36
-35 750 22 5 -3.108876 35
-25 750 22 5 -2.084336 35
-15 750 22 5 -1.799347 35
-55 850 22 5 -5.087773 36
-45 850 22 5 -3.222155 36
-35 850 22 5 -3.335568 35
-25 850 22 5 -2.215133 35
-15 850 22 5 -1.733833 35
-55 950 22 5 -5.153612 36
-45 950 22 5 -2.804644 36
-35 950 22 5 -3.600823 35
-25 950 22 5 -2.615461 35
-55 350 23 5 -1.914051 281
-45 350 23 5 -2.206513 280.8322
-35 350 23 5 -2.115368 280
-25 350 23 5 -1.660529 280
-15 350 23 5 -1.720305 280
-55 450 23 5 -2.043266 281
-45 450 23 5 -2.353278 280.8584
-35 450 23 5 -2.267876 280
-25 450 23 5 -1.690727 280
-15 450 23 5 -1.917634 280
-55 550 23 5 -2.166702 281
-45 550 23 5 -2.581908 280.9023
-35 550 23 5 -2.481749 280
-25 550 23 5 -2.050898 280
-15 550 23 5 -2.181228 280
-55 650 23 5 -2.261385 281
-45 650 23 5 -2.653396 280.8916
-35 650 23 5 -2.470843 280
-25 650 23 5 -2.293299 280
-15 650 23 5 -2.367473 280
-55 750 23 5 -2.519457 281
-45 750 23 5 -2.835131 281
-35 750 23 5 -2.520392 280
-25 750 23 5 -2.425176 280
-15 750 23 5 -2.539976 280
-55 850 23 5 -3.01741 281
-45 850 23 5 -3.129245 281
-35 850 23 5 -2.755477 280
-25 850 23 5 -2.706463 280
-15 850 23 5 -2.897475 280
-55 950 23 5 -3.754534 281
-45 950 23 5 -4.045587 281
-35 950 23 5 -3.082518 280
-25 950 23 5 -2.987345 280
-15 950 23 5 -3.029327 280
-45 350 24 5 -2.960452 123
-35 350 24 5 -2.667584 122.4231
-25 350 24 5 -2.459579 122
-15 350 24 5 -2.311795 122
-45 450 24 5 -2.95796 123
-35 450 24 5 -2.754488 122.6667
-25 450 24 5 -2.693998 122
-15 450 24 5 -2.345939 122
-45 550 24 5 -2.938573 123
-35 550 24 5 -2.857316 122.4615
-25 550 24 5 -2.828801 122
-15 550 24 5 -2.514372 122
-45 650 24 5 -2.967704 123
-35 650 24 5 -2.986909 122.3636
-25 650 24 5 -3.06012 122
-15 650 24 5 -2.750614 122
-45 750 24 5 -3.143453 123
-35 750 24 5 -3.181245 122.3611
-25 750 24 5 -3.189613 122
-15 750 24 5 -3.040393 122
-45 850 24 5 -3.279867 123
-35 850 24 5 -3.347937 122.3714
-25 850 24 5 -3.24996 122
-15 850 24 5 -3.310897 122
-45 950 24 5 -3.275688 123
-35 950 24 5 -3.340068 122.5278
-25 950 24 5 -3.280577 122
-15 950 24 5 -3.353851 122
-65 350 21 6 -2.823769 225
-55 350 21 6 -2.584376 224.7868
-45 350 21 6 -2.540653 224
-65 450 21 6 -2.873577 225
-55 450 21 6 -2.622375 224.875
-45 450 21 6 -2.612031 224
-65 550 21 6 -2.896704 225
-55 550 21 6 -2.680097 224.8427
-45 550 21 6 -2.686586 224
-65 650 21 6 -2.918981 225
-55 650 21 6 -2.72166 224.8642
-45 650 21 6 -2.821271 224
-65 750 21 6 -2.897018 225
-55 750 21 6 -2.772184 224.8571
-45 750 21 6 -2.847141 224
-65 850 21 6 -2.891751 225
-55 850 21 6 -2.901195 224.8451
-45 850 21 6 -2.908263 224
-65 950 21 6 -3.227791 225
-55 950 21 6 -3.113402 224.9554
-45 950 21 6 -2.839319 224
-65 350 22 6 -3.914313 40.60504
-55 350 22 6 -3.606632 40.18254
-45 350 22 6 -3.324757 40
-65 450 22 6 -4.490661 40.63107
-55 450 22 6 -4.262805 40.52439
-45 450 22 6 -3.371278 40
-65 550 22 6 -4.814784 40.65476
-55 550 22 6 -4.435234 40.52857
-45 550 22 6 -3.401041 40
-65 650 22 6 -5.043283 40.67143
-55 650 22 6 -4.501729 40.59375
-45 650 22 6 -3.454971 40
-65 750 22 6 -5.272828 40.66129
-55 750 22 6 -4.832098 40.54
-65 850 22 6 -5.835467 40.65
-55 850 22 6 -5.337384 40.48649
-65 950 22 6 -7.562725 40.56604
-55 950 22 6 -5.541281 40.53623
-65 350 23 6 -2.79921 283.5024
-55 350 23 6 -2.683207 283.3908
-45 350 23 6 -2.682559 283
-65 450 23 6 -2.990512 283.4872
-55 450 23 6 -2.911101 283.4609
-45 450 23 6 -2.735355 283
-65 550 23 6 -3.17501 283.4792
-55 550 23 6 -3.085203 283.6
-45 550 23 6 -2.878091 283
-65 650 23 6 -3.378698 283.425
-55 650 23 6 -3.13498 283.3158
-45 650 23 6 -2.966704 283
-65 750 23 6 -3.539616 283.4545
-55 750 23 6 -3.165893 283.3673
-45 750 23 6 -3.081134 283
-65 850 23 6 -3.736183 283.4865
-55 850 23 6 -3.072151 283.5747
-45 850 23 6 -3.144527 283
-65 950 23 6 -3.924071 283.4028
-55 950 23 6 -3.099305 283.3037
-45 950 23 6 -2.657278 283
-65 350 24 6 -3.180001 126
-55 350 24 6 -3.134726 125.4277
-45 350 24 6 -3.27974 125
-65 450 24 6 -3.285687 126
-55 450 24 6 -3.25515 125.4375
-45 450 24 6 -3.364427 125
-65 550 24 6 -3.457778 126
-55 550 24 6 -3.344947 125.5054
-45 550 24 6 -3.480467 125
-65 650 24 6 -3.649668 126
-55 650 24 6 -3.411172 125.6
-45 650 24 6 -3.590945 125
-65 750 24 6 -3.832099 126
-55 750 24 6 -3.464751 125.5921
-45 750 24 6 -3.745688 125
-65 850 24 6 -4.012305 126
-55 850 24 6 -3.541504 125.5714
-45 850 24 6 -3.809198 125
-65 950 24 6 -4.33152 126
-55 950 24 6 -3.685524 125.5111
-45 950 24 6 -3.043739 125
-55 350 21 7 -2.536396 227
-45 350 21 7 -2.552643 227
-35 350 21 7 -1.812005 227
-25 350 21 7 -0.9942657 227
-15 350 21 7 -1.478708 227
-5 350 21 7 -1.488398 227
-55 450 21 7 -2.616723 227
-45 450 21 7 -2.387848 227
-35 450 21 7 -1.920087 227
-25 450 21 7 -1.344296 227
-15 450 21 7 -0.9479665 227
-5 450 21 7 -0.9214515 227
-55 550 21 7 -2.623352 227
-45 550 21 7 -2.418491 227
-35 550 21 7 -1.945863 227
-25 550 21 7 -1.587569 227
-15 550 21 7 -0.7808907 227
-5 550 21 7 -0.7482829 227
-55 650 21 7 -2.660517 227
-45 650 21 7 -2.556132 227
-35 650 21 7 -1.978161 227
-25 650 21 7 -1.684618 227
-15 650 21 7 -0.7407406 227
-5 650 21 7 -1.001812 227
-55 750 21 7 -2.750545 227
-45 750 21 7 -2.721362 227
-35 750 21 7 -2.050651 227
-25 750 21 7 -1.735189 227
-15 750 21 7 -1.052705 227
-55 850 21 7 -2.797521 227
-45 850 21 7 -2.740831 227
-35 850 21 7 -2.061283 227
-25 850 21 7 -1.699157 227
-15 850 21 7 -0.7817113 227
-55 950 21 7 -2.781461 227
-45 950 21 7 -2.727793 227
-35 950 21 7 -1.577476 227
-25 950 21 7 -1.4603 227
-15 950 21 7 -0.9042092 227
-55 350 22 7 -3.092128 43
-45 350 22 7 -2.945566 43
-35 350 22 7 -2.705403 43
-25 350 22 7 -2.575833 43
-15 350 22 7 -1.736285 43
-5 350 22 7 -1.854788 43
-55 450 22 7 -3.376345 43
-45 450 22 7 -2.971783 43
-35 450 22 7 -2.965152 43
-25 450 22 7 -4.251083 43
-15 450 22 7 -3.950566 43
-5 450 22 7 -2.266714 43
-55 550 22 7 -3.586092 43
-45 550 22 7 -3.199438 43
-35 550 22 7 -2.900872 43
-25 550 22 7 -4.091787 43
-15 550 22 7 -3.599604 43
-5 550 22 7 -1.844839 43
-55 650 22 7 -3.803716 43
-45 650 22 7 -3.679627 43
-35 650 22 7 -3.032594 43
-25 650 22 7 -3.610759 43
-15 650 22 7 -3.116257 43
-5 650 22 7 -0.2129678 43
-55 750 22 7 -4.198031 43
-45 750 22 7 -4.073834 43
-35 750 22 7 -3.207116 43
-25 750 22 7 -3.466473 43
-15 750 22 7 -3.409868 43
-5 750 22 7 -0.2803482 43
-55 850 22 7 -4.433108 43
-45 850 22 7 -4.311512 43
-35 850 22 7 -3.302074 43
-15 850 22 7 -3.316767 43
-5 850 22 7 -1.669281 43
-55 950 22 7 -4.309555 43
-45 950 22 7 -4.023402 43
-35 950 22 7 -3.307229 43
-15 950 22 7 -3.322823 43
-5 950 22 7 -2.684981 43
-65 350 23 7 -2.974618 286
-55 350 23 7 -2.868342 286
-65 450 23 7 -3.146605 286
-55 450 23 7 -3.008818 286
-65 550 23 7 -3.314495 286
-55 550 23 7 -3.257477 286
-65 650 23 7 -3.433466 286
-55 650 23 7 -3.427784 286
-65 750 23 7 -3.509272 286
-55 750 23 7 -3.535729 286
-65 850 23 7 -3.572504 286
-55 850 23 7 -3.790545 286
-65 950 23 7 -3.564659 286
-55 950 23 7 -3.740009 286
-65 350 24 7 -3.520539 128
-55 350 24 7 -3.274208 128
-65 450 24 7 -3.667391 128
-55 450 24 7 -3.427884 128
-65 550 24 7 -3.712307 128
-55 550 24 7 -3.522973 128
-65 650 24 7 -3.852566 128
-55 650 24 7 -3.577834 128
-65 750 24 7 -4.052534 128
-55 750 24 7 -3.669594 128
-65 850 24 7 -4.142992 128
-55 850 24 7 -3.670608 128
-65 950 24 7 -4.213283 128
-55 950 24 7 -3.788546 128
-5 350 21 8 -1.646344 229
5 350 21 8 -2.560757 229
15 350 21 8 -2.434495 229
25 350 21 8 -2.651122 229
35 350 21 8 -2.37233 229
-5 450 21 8 -1.266653 229
5 450 21 8 -1.30262 229
15 450 21 8 -2.509975 229
25 450 21 8 -2.415104 229
35 450 21 8 -1.956804 229
-5 550 21 8 -0.854617 229
5 550 21 8 -0.9925836 229
15 550 21 8 -2.288297 229
25 550 21 8 -2.663271 229
35 550 21 8 -1.82534 229
-5 650 21 8 -0.6810474 229
5 650 21 8 -0.8808305 229
15 650 21 8 -2.593068 229
25 650 21 8 -3.080649 229
35 650 21 8 -2.286358 229
-5 750 21 8 0.6028395 229
5 750 21 8 -0.675624 229
15 750 21 8 -2.345644 229
25 750 21 8 -3.14185 229
35 750 21 8 -2.694349 229
-5 850 21 8 0.02167211 229
5 850 21 8 -0.3530829 229
15 850 21 8 -2.25413 229
25 850 21 8 -3.393634 229
35 850 21 8 -3.33309 229
-5 950 21 8 -1.118355 229
5 950 21 8 -0.3417415 229
15 950 21 8 -2.830408 229
25 950 21 8 -5.371121 229
35 950 21 8 -4.772367 229
-5 350 22 8 -1.381368 45
5 350 22 8 -0.01475834 45
15 350 22 8 0.7955382 45
25 350 22 8 0.706389 45
35 350 22 8 1.028554 45
-5 450 22 8 -0.2655166 45
5 450 22 8 0.4349398 45
15 450 22 8 0.2995731 45
25 450 22 8 1.263128 45
35 450 22 8 0.9130345 45
-5 550 22 8 0.603011 45
5 550 22 8 0.8014777 45
15 550 22 8 0.5630768 45
25 550 22 8 1.551867 45
35 550 22 8 0.7341493 45
-5 650 22 8 1.159437 45
5 650 22 8 1.774331 45
15 650 22 8 0.9329902 45
25 650 22 8 1.789582 45
35 650 22 8 1.294377 45
-5 750 22 8 2.307952 45
5 750 22 8 3.132228 45
15 750 22 8 1.712452 45
25 750 22 8 2.115054 45
35 750 22 8 2.503752 45
-5 850 22 8 0.03406136 45
5 850 22 8 3.591827 45
15 850 22 8 2.337019 45
25 850 22 8 2.821958 45
35 850 22 8 3.260609 45
-5 950 22 8 -1.827098 45
5 950 22 8 2.905038 45
15 950 22 8 2.996993 45
25 950 22 8 3.322033 45
35 950 22 8 3.367994 45
-55 350 23 8 -3.004645 289
-45 350 23 8 -2.492366 289
-35 350 23 8 -2.468317 289
-25 350 23 8 -2.283871 289
-15 350 23 8 -1.969694 289
-5 350 23 8 -2.143994 289
-55 450 23 8 -3.240767 289
-45 450 23 8 -2.584755 289
-35 450 23 8 -2.37301 289
-25 450 23 8 -2.170631 289
-15 450 23 8 -1.710632 289
-5 450 23 8 -0.2801878 289
-45 550 23 8 -2.570594 289
-35 550 23 8 -2.395746 289
-25 550 23 8 -2.403954 289
-15 550 23 8 -2.020763 289
-5 550 23 8 0.5833434 289
-45 650 23 8 -2.628889 289
-35 650 23 8 -2.53228 289
-25 650 23 8 -2.549385 289
-15 650 23 8 -1.993264 289
-5 650 23 8 0.6327487 289
-45 750 23 8 -2.703615 289
-35 750 23 8 -2.721872 289
-25 750 23 8 -2.56983 289
-15 750 23 8 -2.164804 289
-5 750 23 8 0.5170282 289
-45 850 23 8 -2.952956 289
-35 850 23 8 -3.058627 289
-25 850 23 8 -2.555515 289
-15 850 23 8 -2.654012 289
-5 850 23 8 -0.7227886 289
-45 950 23 8 -3.399348 289
-35 950 23 8 -3.366406 289
-25 950 23 8 -2.69889 289
-15 950 23 8 -2.872189 289
-5 950 23 8 -1.545319 289
-55 350 24 8 -3.348979 131
-45 350 24 8 -3.242667 131
-35 350 24 8 -2.633234 131
-25 350 24 8 -1.81493 131
-15 350 24 8 -1.761263 131
-5 350 24 8 0.08438527 131
-55 450 24 8 -3.403268 131
-45 450 24 8 -3.102425 131
-35 450 24 8 -2.886241 131
-25 450 24 8 -1.639534 131
-15 450 24 8 -2.240006 131
-5 450 24 8 -0.7220205 131
-55 550 24 8 -3.406959 131
-45 550 24 8 -3.01138 131
-35 550 24 8 -2.855135 131
-25 550 24 8 -1.958027 131
-15 550 24 8 -2.20283 131
-5 550 24 8 -1.728862 131
-55 650 24 8 -3.434233 131
-45 650 24 8 -3.03404 131
-35 650 24 8 -2.49487 131
-25 650 24 8 -2.383236 131
-15 650 24 8 -2.48941 131
-5 650 24 8 -2.279191 131
-55 750 24 8 -3.603744 131
-45 750 24 8 -3.102088 131
-35 750 24 8 -2.194113 131
-25 750 24 8 -2.854948 131
-15 750 24 8 -2.919351 131
-5 750 24 8 -2.652947 131
-55 850 24 8 -3.877351 131
-45 850 24 8 -3.266422 131
-35 850 24 8 -2.178899 131
-25 850 24 8 -3.125934 131
-15 850 24 8 -3.183732 131
-55 950 24 8 -4.101429 131
-45 950 24 8 -3.247636 131
-35 950 24 8 -2.213861 131
-25 950 24 8 -3.205638 131
-15 950 24 8 -3.326548 131
45 350 21 9 -2.073411 232
55 350 21 9 -6.324352 232
65 350 21 9 -6.620347 232
75 350 21 9 -7.350089 232
35 450 21 9 -2.251716 232
45 450 21 9 -2.622115 232
55 450 21 9 -5.746081 232
65 450 21 9 -7.425733 232
75 450 21 9 -7.868904 232
35 550 21 9 -3.024936 232
45 550 21 9 -3.792856 232
65 550 21 9 -7.741546 232
75 550 21 9 -8.050293 232
35 650 21 9 -3.618661 232
45 650 21 9 -4.340436 232
65 650 21 9 -8.203904 232
75 650 21 9 -8.378273 232
45 750 21 9 -4.438555 232
65 750 21 9 -8.725475 232
75 750 21 9 -8.661274 232
45 850 21 9 -4.91668 232
65 850 21 9 -8.71225 232
75 850 21 9 -9.139465 232
45 950 21 9 -5.414188 232
75 950 21 9 -9.572386 232
35 350 22 9 1.264226 48
45 350 22 9 1.28503 48
55 350 22 9 2.121528 48
65 350 22 9 2.812359 48
75 350 22 9 2.244795 48
35 450 22 9 1.506022 48
45 450 22 9 1.30973 48
55 450 22 9 2.079298 48
65 450 22 9 3.805553 48
75 450 22 9 3.92764 48
35 550 22 9 1.978566 48
45 550 22 9 1.183611 48
55 550 22 9 2.150265 48
65 550 22 9 3.881964 48
75 550 22 9 3.9367 48
35 650 22 9 2.236991 48
45 650 22 9 1.344465 48
55 650 22 9 2.212781 48
65 650 22 9 4.378015 48
75 650 22 9 4.197583 48
35 750 22 9 2.471499 48
45 750 22 9 2.010823 48
55 750 22 9 2.39382 48
65 750 22 9 4.271644 48
75 750 22 9 4.363301 48
35 850 22 9 3.502587 48
45 850 22 9 3.212263 48
55 850 22 9 2.817697 48
65 850 22 9 4.433927 48
75 850 22 9 4.790822 48
35 950 22 9 4.15786 48
45 950 22 9 3.875568 48
55 950 22 9 3.656663 48
65 950 22 9 5.427155 48
75 950 22 9 5.23973 48
-5 350 23 9 -3.058655 291
5 350 23 9 -3.8534 291
15 350 23 9 -4.45503 291
-5 450 23 9 -2.332577 291
5 450 23 9 -3.764074 291
15 450 23 9 -4.718589 291
-5 550 23 9 -0.7404947 291
5 550 23 9 -3.655025 291
15 550 23 9 -4.684665 291
-5 650 23 9 0.01879341 291
5 650 23 9 -3.189204 291
15 650 23 9 -4.256003 291
-5 750 23 9 -0.2206924 291
5 750 23 9 -4.229077 291
15 750 23 9 -4.290723 291
-5 850 23 9 -1.741953 291
5 850 23 9 -4.443819 291
15 850 23 9 -3.776028 291
-5 950 23 9 -2.110164 291
5 950 23 9 -5.060219 291
15 950 23 9 -2.968634 291
-5 350 24 9 -0.3292166 133
5 350 24 9 -0.07412518 133
15 350 24 9 1.12373 133
25 350 24 9 2.179325 133
35 350 24 9 3.322764 133
-5 450 24 9 -0.9399622 133
5 450 24 9 0.180603 133
15 450 24 9 1.691696 133
25 450 24 9 2.39234 133
35 450 24 9 3.577031 133
-5 550 24 9 -1.249634 133
5 550 24 9 0.448829 133
15 550 24 9 2.356428 133
25 550 24 9 2.126707 133
35 550 24 9 3.780339 133
-5 650 24 9 -2.014869 133
5 650 24 9 0.6879222 133
15 650 24 9 2.574277 133
25 650 24 9 2.17631 133
35 650 24 9 4.195663 133
-5 750 24 9 -2.344355 133
5 750 24 9 0.9441668 133
15 750 24 9 3.24739 133
25 750 24 9 3.025966 133
35 750 24 9 5.592589 133
-5 850 24 9 -2.408545 133
5 850 24 9 1.32609 133
15 850 24 9 3.828841 133
25 850 24 9 4.012301 133
-5 950 24 9 -2.426187 133
5 950 24 9 1.516003 133
15 950 24 9 4.05774 133
25 950 24 9 4.488858 133
65 350 22 10 2.662776 49
75 350 22 10 2.664543 49
65 450 22 10 4.22132 49
75 450 22 10 4.018559 49
65 550 22 10 4.507032 49
75 550 22 10 4.776414 49
65 650 22 10 5.056088 49
75 650 22 10 5.364955 49
65 750 22 10 5.869351 49
75 750 22 10 5.647467 49
65 850 22 10 8.035854 49
75 850 22 10 5.627696 49
65 950 22 10 8.489129 49
75 950 22 10 6.741922 49
15 350 23 10 -4.499384 292
25 350 23 10 -4.131629 292
35 350 23 10 -2.748231 292
5 450 23 10 -4.732603 292
15 450 23 10 -4.48335 292
25 450 23 10 -3.436462 292
35 450 23 10 -2.500531 292
5 550 23 10 -4.810688 292
15 550 23 10 -4.310611 292
25 550 23 10 -2.913702 292
35 550 23 10 -2.131389 292
5 650 23 10 -4.439232 292
15 650 23 10 -4.033052 292
25 650 23 10 -2.616604 292
35 650 23 10 -2.085425 292
5 750 23 10 -4.321824 292
15 750 23 10 -3.821848 292
25 750 23 10 -2.519366 292
35 750 23 10 -2.092984 292
5 850 23 10 -4.420578 292
15 850 23 10 -3.403429 292
25 850 23 10 -2.652555 292
35 850 23 10 -2.144711 292
5 950 23 10 -3.474556 292
15 950 23 10 -2.648194 292
25 950 23 10 -2.611423 292
35 950 23 10 -2.142128 292
45 350 24 10 4.50567 136
55 350 24 10 4.127778 136
65 350 24 10 3.926559 136
35 450 24 10 4.099932 136
45 450 24 10 4.227978 136
55 450 24 10 4.336371 136
65 450 24 10 4.769247 136
35 550 24 10 4.103693 136
45 550 24 10 4.286633 136
55 550 24 10 4.349398 136
65 550 24 10 5.100388 136
35 650 24 10 4.141577 136
45 650 24 10 4.475575 136
55 650 24 10 4.391237 136
65 650 24 10 5.310098 136
35 750 24 10 4.11162 136
45 750 24 10 4.515898 136
55 750 24 10 4.509319 136
65 750 24 10 5.57168 136
35 850 24 10 4.142409 136
45 850 24 10 4.349188 136
55 850 24 10 4.668401 136
65 850 24 10 5.58744 136
45 950 24 10 3.661602 136
55 950 24 10 4.540107 136
65 950 24 10 5.741871 136
35 350 22 11 1.357198 51
45 350 22 11 2.624919 51
55 350 22 11 3.265723 51
65 350 22 11 3.760626 51
35 450 22 11 2.547286 51
45 450 22 11 3.614011 51
55 450 22 11 4.160658 51
65 450 22 11 4.113023 51
35 550 22 11 3.117819 51
45 550 22 11 4.388526 51
55 550 22 11 4.398394 51
65 550 22 11 4.363063 51
35 650 22 11 3.735143 51
45 650 22 11 4.707884 51
55 650 22 11 4.720154 51
65 650 22 11 4.726796 51
35 750 22 11 4.042147 51
45 750 22 11 4.852872 51
55 750 22 11 5.171452 51
65 750 22 11 5.178994 51
35 850 22 11 4.171021 51
45 850 22 11 5.091086 51
55 850 22 11 5.448455 51
65 850 22 11 6.614258 51
45 950 22 11 5.20432 51
55 950 22 11 5.550931 51
45 350 23 11 -2.621903 295
55 350 23 11 -2.094152 295
65 350 23 11 -1.942698 295
35 450 23 11 -2.778558 295
45 450 23 11 -2.564002 295
55 450 23 11 -1.952162 295
65 450 23 11 -1.726004 295
35 550 23 11 -2.70932 295
45 550 23 11 -2.383131 295
55 550 23 11 -1.954746 295
65 550 23 11 -1.665967 295
35 650 23 11 -2.598504 295
45 650 23 11 -2.162521 295
55 650 23 11 -1.842355 295
65 650 23 11 -1.496777 295
35 750 23 11 -2.58141 295
45 750 23 11 -1.883844 295
55 750 23 11 -1.743003 295
65 750 23 11 -1.434899 295
35 850 23 11 -2.565592 295
45 850 23 11 -1.613969 295
55 850 23 11 -1.699086 295
65 850 23 11 -1.328464 295
35 950 23 11 -2.536209 295
45 950 23 11 -1.674099 295
55 950 23 11 -1.71757 295
65 950 23 11 -1.280977 295
45 350 24 11 3.595966 137
65 350 24 11 4.206769 137
45 450 24 11 4.094587 137
65 450 24 11 4.981449 137
45 550 24 11 4.389779 137
65 550 24 11 5.324738 137
45 650 24 11 4.59362 137
65 650 24 11 5.490825 137
45 750 24 11 5.005391 137
65 750 24 11 5.673834 137
45 850 24 11 5.814098 137
65 850 24 11 5.841081 137
45 950 24 11 6.148522 137
65 950 24 11 6.061024 137
45 350 23 12 -2.252413 297
55 350 23 12 -2.232921 297
65 350 23 12 -1.855508 297
75 350 23 12 -2.207058 297
45 450 23 12 -2.350897 297
55 450 23 12 -1.585829 297
65 450 23 12 -1.711925 297
75 450 23 12 -1.871261 297
45 550 23 12 -2.333469 297
55 550 23 12 -0.9576732 297
65 550 23 12 -1.646653 297
75 550 23 12 -1.886168 297
45 650 23 12 -2.323464 297
55 650 23 12 -0.2760638 297
65 650 23 12 -1.777776 297
75 650 23 12 -1.952041 297
45 750 23 12 -2.255589 297
55 750 23 12 0.4046448 297
65 750 23 12 -1.865378 297
75 750 23 12 -2.010566 297
55 850 23 12 0.6925335 297
65 850 23 12 -1.907068 297
75 850 23 12 -1.666971 297
55 950 23 12 0.7015682 297
65 950 23 12 -2.104035 297
75 950 23 12 -2.486644 297
45 350 24 12 3.901896 138
55 350 24 12 4.247169 138
65 350 24 12 4.58901 138.1633
75 350 24 12 4.055523 138
45 450 24 12 4.043234 138
65 450 24 12 5.316742 138.1897
75 450 24 12 5.062082 138
45 550 24 12 4.56548 138
65 550 24 12 5.61294 138.1719
75 550 24 12 5.438448 138
45 650 24 12 5.046797 138
65 650 24 12 5.919657 138.5147
75 650 24 12 5.675197 138
45 750 24 12 4.92613 138
65 750 24 12 5.961955 138.325
75 750 24 12 5.816072 138
65 850 24 12 5.955496 138.4444
75 850 24 12 5.908248 138
65 950 24 12 6.886033 138.1932
75 950 24 12 6.002176 138
35 350 23 13 -2.738111 299.5392
45 350 23 13 -3.084167 299
55 350 23 13 -2.544875 299
65 350 23 13 -2.005823 299
35 450 23 13 -2.761723 299.1087
45 450 23 13 -2.876431 299
55 450 23 13 -2.378475 299
65 450 23 13 -1.74356 299
35 550 23 13 -2.757016 299
45 550 23 13 -2.723299 299
55 550 23 13 -2.07965 299
65 550 23 13 -1.566106 299
35 650 23 13 -2.806634 299
45 650 23 13 -2.597222 299
55 650 23 13 -1.947059 299
65 650 23 13 -1.534976 299
35 750 23 13 -2.764428 299
45 750 23 13 -2.37435 299
55 750 23 13 -2.085781 299
65 750 23 13 -1.481646 299
35 850 23 13 -2.391524 299
45 850 23 13 -1.880294 299
55 850 23 13 -1.440571 299
65 850 23 13 -1.440908 299
35 950 23 13 -1.642064 299
45 950 23 13 -1.584071 299
55 950 23 13 -1.176152 299
35 350 24 13 3.232171 140
45 350 24 13 3.537755 140
55 350 24 13 3.579115 140
65 350 24 13 4.015955 140
35 450 24 13 3.910344 140
45 450 24 13 3.716611 140
55 450 24 13 5.032848 140
65 450 24 13 5.121232 140
35 550 24 13 4.405244 140
45 550 24 13 3.926544 140
55 550 24 13 5.703116 140
65 550 24 13 5.796412 140
35 650 24 13 4.403219 140
45 650 24 13 4.25591 140
55 650 24 13 6.115867 140
65 650 24 13 6.030748 140
35 750 24 13 4.118092 140
45 750 24 13 4.794785 140
55 750 24 13 6.38888 140
65 750 24 13 5.974982 140
35 850 24 13 3.365538 140
45 850 24 13 5.559502 140
55 850 24 13 6.404849 140
35 950 24 13 3.539497 140
45 950 24 13 5.725248 140
55 950 24 13 6.287983 140
