-65 -55 -45 -35 -25 -15 -5 5 15 25 35 45 55 65 75
350 450 550 650 750 850 950
-3.372908 -3.618038 -3.742061 -3.837282 -3.90268 -3.928746 -4.02479
-3.199821 -3.316635 -3.420267 -3.571083 -3.679247 -3.786265 -3.824373
-3.069366 -3.10295 -3.156583 -3.213285 -3.31058 -3.426414 -3.384929
-2.591571 -2.775955 -3.005803 -3.103481 -3.182209 -3.339189 -3.549701
-2.401126 -2.748882 -2.877218 -2.834704 -2.885398 -2.922078 -3.163269
-2.10924 -2.29224 -2.279595 -2.371962 -2.418048 -2.487987 -2.581627
-1.935811 -1.930475 -1.633715 -1.185817 -0.8537752 -1.396193 -1.835945
-1.366396 -1.361681 -1.267393 -1.028073 -0.733824 -0.5645887 -0.6346883
-1.168576 -1.127507 -1.116989 -0.9865707 -0.599764 -0.01831408 0.299964
-0.8539244 -0.6964112 -0.5382713 -0.3619245 -0.2013998 0.1297742 0.4800348
-0.5331765 -0.1872907 -0.0120582 0.1179245 0.3769333 0.3249376 0.2255672
-0.2534104 -0.06800325 0.09205531 0.3272279 0.6182308 0.8599947 1.020698
-0.450399 0.08485908 0.9343239 1.365734 1.686065 1.945007 2.067347
-0.5909788 -0.06057015 0.2357179 0.3195943 0.8621944 0.8145811 3.017765
-1.113941 -0.5474307 -0.4111233 -0.3430642 -0.2654825 -0.2371059 -0.1056473
