-65 -55 -45 -35 -25 -15 -5 5 15 25 35 45 55 65 75
350 450 550 650 750 850 950
-3.137987 -3.395096 -3.528279 -3.601878 -3.668589 -3.709887 -3.790108
-2.862318 -3.092097 -3.178095 -3.309061 -3.401632 -3.204993 -3.115619
-2.691811 -2.72302 -2.766268 -2.912637 -2.905738 -3.115206 -3.479699
-2.374617 -2.570415 -2.62199 -2.600344 -2.417351 -2.459558 -2.278884
-2.125198 -2.274565 -2.334253 -2.246026 -2.346388 -2.668812 -3.225861
-1.899341 -1.963255 -1.985223 -1.902791 -2.204481 -2.70873 -2.944533
-1.56196 -1.191466 -0.8564636 -0.9036407 -1.180105 -2.169273 -2.397428
-1.276979 -1.266795 -1.216581 -0.9277053 -1.193249 -1.178105 -0.8226522
-1.00447 -0.961527 -0.8962378 -0.707493 -0.1254189 0.335997 0.7099736
-0.6799319 -0.5243651 -0.1518323 0.1196536 0.6720052 1.127102 1.285328
-0.09126284 0.4658222 0.8742853 1.11987 1.498777 1.96164 2.037666
0.4263101 0.8317885 1.1039 1.366959 1.705221 2.00262 1.640535
0.4595793 1.01996 1.397286 1.746893 2.069299 2.097223 1.743357
0.4380083 0.9100083 1.074725 1.032178 1.701385 1.848456 3.440001
-0.2880884 0.4031028 0.5846487 0.6227467 1.067758 1.701267 2.109635
