-65 -55 -45 -35 -25 -15 -5 5 15 25 35 45 55 65 75
350 450 550 650 750 850 950
-0.06362355 0.02446134 0.1267315 0.1567371 0.1291388 0.2093866 0.1996262
-0.03839388 0.0081989 0.1022557 0.2902642 0.3384503 0.290741 0.2829118
-0.009956428 0.08799317 0.2060176 0.234938 0.3005466 0.2808524 0.3354926
2.296618e-05 0.09826217 0.2134557 0.2727489 0.2869848 0.3311099 0.3312201
0.01136076 0.08362679 0.1623118 0.3202086 0.3155677 0.3686907 0.3049071
-0.01885419 0.05741063 0.1758454 0.2080553 0.1976339 0.29095 0.3636425
-0.02150777 0.06970336 0.2315152 0.2511206 0.2895718 0.3049728 0.2764105
0.03921876 0.1354977 0.2416474 0.3124134 0.3294738 0.3143268 0.2695538
0.01594336 0.0588161 0.1373553 0.2542705 0.2900431 0.3005179 0.2969167
-0.02277942 0.1097367 0.1960663 0.2573063 0.2819903 0.2822482 0.3207839
0.02289657 0.1096912 0.1846406 0.2141004 0.2824167 0.2394535 0.252757
0.07418598 0.1275676 0.1915624 0.2371367 0.2887156 0.3078441 0.3015834
0.05811076 0.1568278 0.2038305 0.2398557 0.2656097 0.254757 0.2461672
-0.009224341 0.02660938 0.1055464 0.1677945 0.1585624 0.08916035 0.1774404
-0.04906711 0.06247151 0.1568623 0.1678221 0.186649 0.2168642 0.1902545
