-65 -55 -45 -35 -25 -15 -5 5 15 25 35 45 55 65 75
350 450 550 650 750 850 950
0.3000569 0.2554169 0.2335741 0.2197831 0.2223258 0.2308461 0.2240916
0.3342757 0.3280583 0.2506865 0.2722489 0.228354 0.137922 0.02008029
0.3397718 0.387979 0.4198865 0.460106 0.3104799 0.3024164 0.3181856
0.1391509 0.155791 0.1555211 0.1452204 0.1213358 0.1084771 0.1079305
0.2286582 0.2758723 0.187195 0.1561435 0.1789047 0.2889105 0.2664272
0.2771674 0.3193815 0.3514717 0.2967317 0.3314247 0.284101 0.1708522
0.4068273 0.4271841 0.4474198 0.3962924 0.4049228 0.3591984 0.3367346
0.2593525 0.2920905 0.2771217 0.2933214 0.3169185 0.2352556 0.245684
0.3598179 0.3493431 0.305115 0.2828205 0.358541 0.3611555 0.3673991
0.3086385 0.30709 0.2750227 0.2692711 0.2977428 0.24549 0.1657505
0.3715184 0.367871 0.3677826 0.3786919 0.3867671 0.3911273 0.3665769
0.3880393 0.4027718 0.3954583 0.3852077 0.3461784 0.3162187 0.3237285
0.2855393 0.2696006 0.2540702 0.213615 0.1802388 0.1828577 0.1996919
0.2860254 0.3754328 0.3498871 0.2865635 0.2954279 0.3904647 0.1249043
0.2937105 0.286499 0.2423055 0.219893 0.2349671 0.2208447 0.2032289
