-65 -55 -45 -35 -25 -15 -5 5 15 25 35 45 55 65 75
350 450 550 650 750 850 950
303.7698 297.4982 292.545 287.4335 282.0565 276.4535 270.2891
310.7049 304.7094 299.8597 295.1419 290.7898 285.2029 280.6255
316.8355 311.7189 307.0464 302.1566 298.1376 292.4652 286.2958
325.4478 319.2069 313.7167 308.0572 302.4593 296.1264 290.821
332.9263 326.6779 320.6048 314.2664 307.2232 300.4342 295.351
337.1916 330.8026 323.9284 317.7383 310.4646 303.2398 299.1317
339.8512 332.1955 323.8707 317.4445 312.4426 304.9466 299.7281
340.2547 332.4041 324.0283 317.3317 311.7024 305.6727 299.8084
339.1687 330.8722 323.2512 316.1157 310.9176 305.1961 298.6209
332.8468 326.9413 319.9122 314.0043 309.6002 302.1432 294.5626
326.6093 320.3469 314.6639 309.914 304.3233 298.6726 291.8182
324.8544 318.2341 311.7697 305.7136 300.1731 293.0114 286.2611
318.4937 312.8802 306.1812 299.8826 293.7164 287.8359 282.7502
311.142 304.8541 298.5807 292.7095 287.9704 282.8099 279.3986
306.3744 297.192 292.2797 286.907 281.804 275.2739 268.0126
