-65 -55 -45 -35 -25 -15 -5 5 15 25 35 45 55 65 75
350 450 550 650 750 850 950
0.2200405 0.2393612 0.1889631 0.215069 0.2515133 0.2828573 0.3800197
0.2467625 0.2453825 0.3119878 -0.02848925 0.2775465 0.3871176 0.1937932
0.2437461 0.1640066 0.2679663 0.2391324 0.3535654 0.3300456 0.375802
NaN 0.2757575 0.3145261 0.2763249 0.2276298 0.3319522 1.418989
0.08648951 0.2887677 0.3066569 0.3182811 0.256755 0.2758029 0.2650248
0.2164676 0.3119817 0.2520918 0.6504898 0.2994595 NaN 0.3561153
0.2386319 0.3266094 0.1026814 0.3232411 0.5235186 0.2718301 0.3530689
0.2002621 0.3251566 0.2359934 0.67424 0.3238726 0.2888418 0.294156
0.2304825 0.2820127 0.3083343 0.3240901 0.3242605 0.390848 0.2594761
0.2980678 0.3469602 0.3943219 0.2457928 0.3688494 0.1436263 0.3650387
0.2236731 0.1811035 0.2505614 0.3035022 0.2775439 0.3063682 0.3614689
0.2108002 0.2959368 0.643476 0.2343301 0.2992653 0.3169931 0.2323702
0.2351418 0.2228952 0.1922631 0.2910197 0.2016482 0.3414824 0.2936237
0.1734499 0.1909671 -0.06548172 0.3125573 0.3014455 0.2384917 0.6591319
0.1659963 0.006012406 0.1565519 0.1622493 0.2071834 0.231017 0.2875491
