-65 -55 -45 -35 -25 -15 -5 5 15 25 35 45 55 65 75
350 450 550 650 750 850 950
933 679 518 418 384 358 825
1890 1052 762 636 532 593 1136
1902 947 734 677 478 364 593
705 444 326 267 238 215 418
922 423 360 328 281 253 620
681 455 481 263 255 255 394
1274 691 518 513 330 282 947
1609 909 646 553 542 454 1404
2428 1207 963 786 644 559 1657
1422 723 496 581 416 421 733
2451 1210 925 842 591 644 842
3073 1093 833 745 598 544 832
3220 901 716 625 649 685 956
2135 1514 786 756 577 416 524
1252 1062 873 634 727 632 1254
