-65 -55 -45 -35 -25 -15 -5 5 15 25 35 45 55 65 75
350 450 550 650 750 850 950
782 574 425 367 352 358 772
1450 958 660 556 488 545 971
1530 784 638 511 390 301 474
506 403 302 262 229 212 404
660 319 311 324 276 230 583
464 389 370 226 225 229 335
1073 628 429 404 264 235 782
1190 744 513 481 484 404 1130
1343 761 643 501 443 365 1144
1046 574 345 474 344 369 561
1637 926 742 709 530 522 732
2129 882 737 638 512 496 784
2357 744 620 516 562 643 879
1647 1084 672 675 523 398 449
759 691 659 553 599 542 1152
