-65 -55 -45 -35 -25 -15 -5 5 15 25 35 45 55 65 75
350 450 550 650 750 850 950
6.048641 4.043398 2.741632 2.631943 3.73219 5.411782 11.37136
10.51577 9.290947 7.678392 5.784779 6.403116 7.439088 8.481891
27.31211 25.28346 22.4053 19.48291 21.41887 18.54656 12.00051
18.14265 18.76888 17.5992 16.31524 15.22077 14.48633 10.12041
7.092814 5.30722 6.29776 5.773108 6.864414 4.870291 4.757262
0.505853 2.86313 2.250464 1.457006 1.522485 2.056751 0.215163
1.515302 1.637482 0.6659659 0.1782959 0.6578424 1.798686 2.237897
0.5526275 0.6532339 0.8479344 1.972047 0.9527265 0.2240219 0.3336963
1.348256 2.633096 2.918756 2.500669 3.018137 4.364792 4.170563
10.5908 10.11091 8.126228 5.129557 6.853581 9.618972 6.707066
13.12238 13.22468 12.49091 11.27298 13.17101 13.7625 8.138418
19.53025 17.29437 16.3265 15.93193 17.57592 14.17095 10.95933
20.75821 19.43283 17.30313 16.52823 15.50702 12.92719 11.43817
16.19253 16.43702 17.06947 18.07966 16.42683 15.85713 15.53938
17.99589 15.04209 14.77027 14.06891 13.37662 12.97474 16.70258
