-65 -55 -45 -35 -25 -15 -5 5 15 25 35 45 55 65 75
350 450 550 650 750 850 950
-3.407866 -3.658311 -3.798067 -3.897093 -3.959202 -4.002486 -4.065712
-3.062715 -3.303671 -3.471683 -3.61257 -3.737349 -3.841697 -3.922263
-2.879932 -2.973027 -3.083033 -3.228166 -3.35871 -3.471343 -3.865082
-2.483397 -2.668767 -2.808603 -2.945254 -3.047145 -3.192657 -3.540882
-2.125183 -2.551666 -2.497032 -2.31406 -2.490977 -2.656495 -3.092804
-1.810371 -2.102873 -2.032555 -2.007842 -2.089043 -2.371245 -2.581359
-1.526238 -1.316954 -0.9282943 -0.4501836 -0.1375054 -0.9639869 -1.691345
-1.225176 -1.354812 -1.32553 -1.008229 -0.5375569 -0.4613516 -0.4556662
-1.248755 -1.159522 -1.184635 -1.028306 -0.5811296 -0.2692058 0.2684683
-0.7137835 -0.6138907 -0.4243603 -0.209155 -0.1121094 0.1076757 0.4757571
-0.3414061 -0.1593091 0.06250775 0.1912206 0.4051476 0.5537813 0.6209247
-0.07154023 0.05479398 0.2686363 0.4822805 0.6931448 0.9348179 1.198534
-0.153735 0.2199901 0.616363 0.9678262 1.44853 2.121025 2.344561
-0.3962044 0.09801002 0.3338927 0.4338553 0.8501325 0.873431 2.463643
-0.8675976 -0.3814061 -0.231818 -0.1330978 -0.05895583 0.1132876 0.4245527
