lat camp flt x yday
5 21 1 -0.6563893 210
15 21 1 -0.6809943 210
25 21 1 -0.4392176 210
35 21 1 NA 210
5 22 1 -0.8817143 25
15 22 1 0.04414874 25.69633
25 22 1 1.382364 25.9619
35 22 1 2.270163 25.85816
-5 23 1 NA 270
5 23 1 -2.497611 270
15 23 1 -3.822315 270
25 23 1 -3.805213 270
35 23 1 -3.419748 270.5467
5 24 1 0.72805 113
15 24 1 1.813092 113
25 24 1 2.195458 113
35 24 1 NA 113.2032
35 21 2 NA 213
45 21 2 NA 213
65 21 2 NA 213.2224
75 21 2 -8.824845 213
35 22 2 0.8425417 28
45 22 2 2.849479 28
55 22 2 3.757859 28
65 22 2 3.799798 29
75 22 2 4.298626 29
35 23 2 -3.817347 273
45 23 2 -3.726025 273
55 23 2 -3.980373 273
65 23 2 -3.585586 274
75 23 2 -3.549593 273.8494
35 24 2 3.976357 116
45 24 2 4.516182 116
55 24 2 5.38607 116
65 24 2 6.003336 117
75 24 2 6.594152 116.4878
25 21 3 -0.8786882 216
35 21 3 -2.179189 215.4057
45 21 3 -2.720793 215
55 21 3 -3.797408 215
65 21 3 -7.382191 215
15 22 3 NA 32
25 22 3 1.648061 32
35 22 3 3.138953 32
45 22 3 3.594271 31
55 22 3 4.08243 31
65 22 3 3.426321 31
25 23 3 -3.69116 276.5235
35 23 3 -3.102804 276
45 23 3 -3.068559 276
55 23 3 -2.549846 276
65 23 3 NA 276
15 24 3 NA 119
25 24 3 3.926218 118.7636
35 24 3 4.794844 118
45 24 3 3.767738 118
55 24 3 3.942792 118
65 24 3 NA 118
-15 21 4 -1.019119 219
-5 21 4 -0.8248819 218.5256
5 21 4 -0.7574465 218
15 21 4 -1.12143 218
-15 22 4 -1.09493 34
-5 22 4 -0.955565 33.82339
5 22 4 -0.1605416 33
15 22 4 0.5029141 33
-15 23 4 -2.820281 279
-5 23 4 -2.584068 279
5 23 4 -2.80067 278.4583
15 23 4 -3.654807 278
-15 24 4 -1.914292 121
-5 24 4 -0.966984 120.7323
5 24 4 -0.214768 120
15 24 4 1.377172 120
-45 21 5 -2.4327 220.8525
-35 21 5 -2.503316 220
-25 21 5 NA 220
-15 21 5 -1.126886 220
-55 22 5 -4.414195 36
-45 22 5 -3.579955 35.98084
-35 22 5 -3.424782 35
-25 22 5 -2.025996 35
-15 22 5 -1.665777 35
-55 23 5 -2.911231 281
-45 23 5 -2.986777 280.9263
-35 23 5 -2.874603 280
-25 23 5 -2.593642 280
-15 23 5 -2.599911 280
-45 24 5 -3.31522 123
-35 24 5 -3.290429 122.4536
-25 24 5 -3.150091 122
-15 24 5 -2.780616 122
-65 21 6 -2.961629 225
-55 21 6 -2.817286 224.8609
-45 21 6 -2.805979 224
-65 22 6 -4.71898 40.63423
-55 22 6 -4.322602 40.48457
-45 22 6 NA 40
-65 23 6 -3.354527 283.4625
-55 23 6 -3.271034 283.4305
-45 23 6 -3.112077 283
-65 24 6 -3.856579 126
-55 24 6 -3.609082 125.5208
-45 24 6 -3.796539 125
-55 21 7 -2.7466 227
-45 21 7 -2.750842 227
-35 21 7 -2.105662 227
-25 21 7 -1.734423 227
-15 21 7 -1.388427 227
-5 21 7 NA 227
-55 22 7 -3.877333 43
-45 22 7 -3.635436 43
-35 22 7 -3.136505 43
-25 22 7 -3.668575 43
-15 22 7 -3.376001 43
-5 22 7 0.03618349 43
-65 23 7 -3.358643 286
-55 23 7 -3.350282 286
-65 24 7 -4.008591 128
-55 24 7 -3.721993 128
-5 21 8 -0.8932046 229
5 21 8 -2.63967 229
15 21 8 -4.499667 229
25 21 8 -3.946278 229
35 21 8 -3.462782 229
-5 22 8 0.683668 45
5 22 8 2.296858 45
15 22 8 1.000463 45
25 22 8 1.220705 45
35 22 8 1.609659 45
-55 23 8 NA 289
-45 23 8 -2.979189 289
-35 23 8 -2.807873 289
-25 23 8 -2.719912 289
-15 23 8 -2.682754 289
-5 23 8 -1.058572 289
-55 24 8 -3.893108 131
-45 24 8 -3.54126 131
-35 24 8 -3.148298 131
-25 24 8 -2.658388 131
-15 24 8 -2.5977 131
-5 24 8 -1.216959 131
35 21 9 NA 232
45 21 9 -5.196493 232
55 21 9 NA 232
65 21 9 -7.591786 232
75 21 9 -8.838488 232
35 22 9 1.826235 48
45 22 9 1.447365 48
55 22 9 2.603861 48
65 22 9 3.854988 48
75 22 9 3.863065 48
-5 23 9 -1.970837 291
5 23 9 -4.1442 291
15 23 9 -4.143505 291
-5 24 9 -1.406299 133
5 24 9 1.603486 133
15 24 9 3.077929 133
25 24 9 2.664063 133
35 24 9 3.088482 133
65 22 10 4.13185 49
75 22 10 4.586106 49
5 23 10 -4.722722 292
15 23 10 -3.866052 292
25 23 10 -3.301096 292
35 23 10 -2.703057 292
35 24 10 3.195509 136
45 24 10 3.296753 136
55 24 10 3.522096 136
65 24 10 4.515472 136
35 22 11 2.0013 51
45 22 11 3.650462 51
55 22 11 4.198974 51
65 22 11 4.222364 51
35 23 11 -2.811057 295
45 23 11 -2.286503 295
55 23 11 -2.057381 295
65 23 11 -1.48258 295
45 24 11 4.213281 137
65 24 11 4.770004 137
45 23 12 -2.565178 297
55 23 12 -0.01380831 297
65 23 12 -2.283211 297
75 23 12 -2.261101 297
45 24 12 3.381304 138
55 24 12 NA 138
65 24 12 4.981359 138.286
75 24 12 4.857516 138
35 23 13 -2.821645 299.0926
45 23 13 -2.748537 299
55 23 13 -2.237406 299
65 23 13 -1.761184 299
35 24 13 3.122074 140
45 24 13 4.077559 140
55 24 13 5.207531 140
65 24 13 5.102159 140
