-65 -55 -45 -35 -25 -15 -5 5 15 25 35 45 55 65 75
350 450 550 650 750 850 950
1.228846 1.383532 1.647256 1.80831 1.93274 2.026229 2.309371
0.9565483 1.02536 1.294775 1.453281 1.601267 1.695081 1.650934
1.030795 0.8112392 0.8755395 0.9331472 0.9318776 0.8389296 1.699647
1.568418 1.093313 0.8881761 1.12131 0.9244689 0.5600709 1.307033
1.409692 2.587733 1.7208 0.7431386 1.084937 0.9620569 0.7964365
1.148216 1.710032 1.110747 0.4946944 0.4943716 0.5916297 0.9653258
2.456182 1.403623 1.612365 2.900765 2.744475 1.233351 1.165141
3.564799 3.984366 4.353579 4.55398 5.656998 5.322256 5.328172
4.916417 5.530384 5.941616 6.098379 6.864212 7.407 8.30593
6.231972 6.03314 5.9818 6.494253 7.24865 7.994912 9.83403
6.057544 6.5893 7.079306 7.529558 8.144292 8.48176 8.949578
6.540213 7.190958 7.918257 8.422492 8.9612 9.929868 9.837105
7.76339 8.428354 8.472799 8.421544 8.271752 7.906315 8.581267
8.281407 9.962391 11.12244 12.10837 11.73532 12.73232 9.901163
8.809354 11.0228 12.08758 13.46204 14.34383 15.16809 15.80011
