-65 -55 -45 -35 -25 -15 -5 5 15 25 35 45 55 65 75
350 450 550 650 750 850 950
1.240557 1.46226 1.57789 1.633097 1.677079 1.782239 2.033534
0.984261 1.170818 1.254594 1.435046 1.562882 1.73466 1.768193
0.801953 0.8232959 0.8066752 0.8687101 0.9935606 1.111646 1.872225
1.17322 0.9879943 0.9181939 0.9963604 0.9289874 0.9033809 1.085821
0.7758703 1.038185 0.796422 0.9160989 0.8634263 0.7209141 0.8045045
0.6620464 0.6726616 0.5414221 0.3424441 0.3477308 0.3196671 0.6994114
1.895485 1.365275 0.8855528 1.386145 1.59308 0.8355004 0.8948031
3.272031 3.676985 3.86308 3.766097 4.226127 4.347038 4.172819
5.07104 5.480796 5.638977 5.758091 6.304718 6.967465 7.692905
5.941425 6.237662 6.331342 6.710329 7.4921 8.613996 10.22344
7.008304 7.501672 7.791574 8.279041 9.087933 9.753064 10.08744
7.598272 8.110312 8.522293 9.058708 9.628647 10.58114 10.74153
9.164838 9.311003 8.867433 9.208026 9.695696 10.00858 10.49979
10.8232 12.11872 13.06941 13.72495 13.25242 14.11181 10.75636
11.31965 13.11609 13.64542 14.44965 15.04816 15.59681 16.34899
