lat prs camp flt x yday
5 350 21 1 -0.163575 210
15 350 21 1 -0.05945458 210
25 350 21 1 0.01833189 210
35 350 21 1 -0.1817458 210
5 450 21 1 0.01558283 210
15 450 21 1 -0.1699243 210
25 450 21 1 0.09072914 210
5 550 21 1 0.007572105 210
15 550 21 1 -0.4098523 210
25 550 21 1 -0.1477421 210
5 650 21 1 -0.1980769 210
15 650 21 1 -0.436163 210
25 650 21 1 -0.9254759 210
5 750 21 1 -0.2064485 210
15 750 21 1 -0.5182619 210
5 850 21 1 -0.7427448 210
15 850 21 1 -0.5315634 210
25 850 21 1 -0.3495409 210
5 950 21 1 -1.145145 210
15 950 21 1 -0.8436789 210
25 950 21 1 -1.227296 210
5 350 22 1 -1.442788 25
15 350 22 1 -1.158056 25.64151
25 350 22 1 -0.5075599 25.73333
35 350 22 1 -0.3052639 25.14894
5 450 22 1 -1.322624 25
15 450 22 1 -1.294328 25.5
25 450 22 1 -0.7849096 26
35 450 22 1 0.8262036 26
5 550 22 1 -1.34924 25
15 550 22 1 -1.171975 25.51852
25 550 22 1 -0.09486053 26
35 550 22 1 2.617662 26
5 650 22 1 -0.9445521 25
15 650 22 1 -0.721162 25.5
25 650 22 1 1.052004 26
35 650 22 1 3.18099 26
5 750 22 1 -0.80961 25
15 750 22 1 0.422393 25.71429
25 750 22 1 2.023466 26
35 750 22 1 4.071242 26
5 850 22 1 -0.3652162 25
15 850 22 1 2.074695 26
25 850 22 1 3.043848 26
35 850 22 1 5.551122 26
5 950 22 1 -0.267468 25
15 950 22 1 2.532682 26
25 950 22 1 4.431126 26
-5 350 23 1 -2.85679 270
5 350 23 1 -3.127267 270
15 350 23 1 -3.519592 270
25 350 23 1 -3.481389 270
35 350 23 1 -3.863952 270.2581
-5 450 23 1 -3.01839 270
5 450 23 1 -3.196762 270
15 450 23 1 -3.738519 270
25 450 23 1 -3.648394 270
35 450 23 1 -3.703631 270.4923
-5 550 23 1 -3.102714 270
5 550 23 1 -3.459458 270
15 550 23 1 -3.956848 270
25 550 23 1 -3.750915 270
35 550 23 1 -4.338877 270.4688
5 650 23 1 -3.797077 270
15 650 23 1 -3.94961 270
25 650 23 1 -4.072016 270
35 650 23 1 -5.500008 270.4324
5 750 23 1 -4.126125 270
15 750 23 1 -3.175512 270
25 750 23 1 -4.284282 270
35 750 23 1 -5.53765 270.6154
5 850 23 1 -3.780182 270
15 850 23 1 -3.965839 270
25 850 23 1 -5.382917 270
35 850 23 1 -5.139183 270.66
5 950 23 1 -3.549712 270
15 950 23 1 -5.758234 270
25 950 23 1 -6.044676 270
35 950 23 1 -4.888754 270.9
5 350 24 1 0.2227346 113
15 350 24 1 0.8132809 113
25 350 24 1 0.5688397 113
35 350 24 1 1.285922 113
5 450 24 1 0.1259043 113
15 450 24 1 0.8832144 113
25 450 24 1 0.9088538 113
35 450 24 1 1.908349 113
5 550 24 1 -0.07835431 113
15 550 24 1 0.9487464 113
25 550 24 1 1.395696 113
35 550 24 1 2.32088 113.3462
5 650 24 1 0.4087856 113
15 650 24 1 1.633269 113
25 650 24 1 1.686383 113
35 650 24 1 2.478111 113.4667
5 750 24 1 0.3387816 113
15 750 24 1 2.57144 113
25 750 24 1 2.176753 113
5 850 24 1 -0.5210121 113
15 850 24 1 3.051665 113
25 850 24 1 1.249284 113
5 950 24 1 -0.4168624 113
15 950 24 1 4.239918 113
25 950 24 1 5.177562 113
35 350 21 2 -0.397492 213
45 350 21 2 -0.7321025 213
65 350 21 2 -5.206115 213.1282
75 350 21 2 -6.292474 213
65 450 21 2 -6.513825 213.7614
75 450 21 2 -7.801435 213
65 550 21 2 -7.865652 213
75 550 21 2 -8.517994 213
65 650 21 2 -10.44639 213
75 650 21 2 -9.373285 213
75 750 21 2 -9.782664 213
75 850 21 2 -8.921696 213
75 950 21 2 -8.60215 213
35 350 22 2 -0.316009 28
45 350 22 2 0.8182298 28
55 350 22 2 2.08566 28
65 350 22 2 2.081991 29
75 350 22 2 1.781817 29
35 450 22 2 -0.1352104 28
45 450 22 2 1.925443 28
55 450 22 2 3.148044 28
65 450 22 2 3.039972 29
75 450 22 2 3.114885 29
35 550 22 2 0.06983227 28
45 550 22 2 2.249002 28
55 550 22 2 3.880568 28
65 550 22 2 3.514987 29
75 550 22 2 3.506066 29
35 650 22 2 0.4859819 28
45 650 22 2 2.860471 28
55 650 22 2 4.042683 28
65 650 22 2 3.775873 29
75 650 22 2 3.5583 29
35 750 22 2 1.323819 28
45 750 22 2 3.376707 28
55 750 22 2 4.099081 28
65 750 22 2 4.184762 29
75 750 22 2 3.952558 29
35 850 22 2 4.630369 28
45 850 22 2 3.602463 28
55 850 22 2 3.856363 28
65 850 22 2 4.441755 29
75 850 22 2 4.49466 29
35 950 22 2 11.29877 28
45 950 22 2 3.328155 28
55 950 22 2 3.926677 28
65 950 22 2 5.157789 29
75 950 22 2 5.298683 29
35 350 23 2 -3.38978 273
45 350 23 2 -3.122447 273
55 350 23 2 -4.899966 273
65 350 23 2 -4.811229 274
75 350 23 2 -4.285049 273.5581
35 450 23 2 -3.138957 273
45 450 23 2 -3.072535 273
55 450 23 2 -4.748073 273
65 450 23 2 -4.472797 274
75 450 23 2 -4.576415 273.5455
35 550 23 2 -3.108043 273
45 550 23 2 -3.255659 273
55 550 23 2 -4.833886 273
65 550 23 2 -4.084275 274
75 550 23 2 -4.501009 273.8421
35 650 23 2 -3.397729 273
45 650 23 2 -3.39493 273
55 650 23 2 -4.87774 273
65 650 23 2 -4.393819 274
75 650 23 2 -4.281217 274
35 750 23 2 -5.500921 273
45 750 23 2 -3.515439 273
55 750 23 2 -5.156148 273
65 750 23 2 -4.760005 274
75 750 23 2 -4.227092 274
35 850 23 2 -5.971213 273
45 850 23 2 -4.809229 273
55 850 23 2 -5.548857 273
75 850 23 2 -4.585736 274
35 950 23 2 -5.794957 273
45 950 23 2 -5.553891 273
55 950 23 2 -5.98971 273
75 950 23 2 -5.259608 274
35 350 24 2 3.529146 116
45 350 24 2 3.320889 116
55 350 24 2 4.74082 116
65 350 24 2 4.270277 117
75 350 24 2 4.664233 116.36
35 450 24 2 3.423877 116
45 450 24 2 3.595788 116
55 450 24 2 5.55905 116
65 450 24 2 6.762066 117
75 450 24 2 5.940232 116.4762
35 550 24 2 3.77793 116
45 550 24 2 3.575894 116
55 550 24 2 5.785828 116
65 550 24 2 6.474005 117
75 550 24 2 6.630461 116.5179
35 650 24 2 3.402871 116
45 650 24 2 3.969708 116
55 650 24 2 5.500904 116
65 650 24 2 6.230548 117
75 650 24 2 7.357667 116.4921
35 750 24 2 4.420973 116
45 750 24 2 4.861055 116
55 750 24 2 5.984769 116
65 750 24 2 6.392796 117
75 750 24 2 7.32336 116.5172
35 850 24 2 5.442409 116
45 850 24 2 5.65338 116
55 850 24 2 6.179754 116
65 850 24 2 6.621823 117
75 850 24 2 7.369018 116.4468
35 950 24 2 5.465211 116
45 950 24 2 5.714859 116
55 950 24 2 6.265318 116
65 950 24 2 6.673846 117
75 950 24 2 7.513317 116.6042
25 350 21 3 -0.9667377 216
35 350 21 3 -1.183126 215.2836
45 350 21 3 -2.915125 215
55 350 21 3 -3.650016 215
65 350 21 3 -4.934087 215
25 450 21 3 -0.8045618 216
35 450 21 3 -1.033632 215.3061
45 450 21 3 -3.403912 215
55 450 21 3 -4.097143 215
65 450 21 3 -6.77378 215
25 550 21 3 -0.6914185 216
35 550 21 3 -1.044626 215.4583
45 550 21 3 -2.89625 215
55 550 21 3 -4.206634 215
65 550 21 3 -8.82645 215
25 650 21 3 -0.7007889 216
35 650 21 3 -1.501138 215.2836
45 650 21 3 -2.194941 215
55 650 21 3 -3.196978 215
65 650 21 3 -7.295757 215
25 750 21 3 -0.6663733 216
35 750 21 3 -2.118588 215.5333
45 750 21 3 -2.099503 215
55 750 21 3 -2.528513 215
65 750 21 3 -5.789039 215
35 850 21 3 -3.078477 215.4884
45 850 21 3 -2.407598 215
55 850 21 3 -2.310172 215
65 850 21 3 -5.254881 215
35 950 21 3 -3.292656 215.4865
45 950 21 3 -2.443413 215
55 950 21 3 -2.357078 215
25 350 22 3 0.0330851 32
35 350 22 3 1.086225 32
45 350 22 3 1.422759 31
55 350 22 3 1.460655 31
65 350 22 3 1.636494 31
25 450 22 3 -0.1346617 32
35 450 22 3 1.819171 32
45 450 22 3 2.692984 31
55 450 22 3 1.951293 31
65 450 22 3 2.035189 31
25 550 22 3 1.051469 32
35 550 22 3 3.359556 32
45 550 22 3 3.381102 31
55 550 22 3 3.135265 31
65 550 22 3 3.838413 31
25 650 22 3 1.238058 32
35 650 22 3 3.785526 32
45 650 22 3 3.360278 31
55 650 22 3 3.962953 31
65 650 22 3 4.167706 31
15 750 22 3 1.416888 32
25 750 22 3 2.104429 32
35 750 22 3 4.154142 32
45 750 22 3 4.298182 31
55 750 22 3 4.688991 31
65 750 22 3 4.061076 31
15 850 22 3 2.599984 32
25 850 22 3 2.669422 32
35 850 22 3 4.207588 32
45 850 22 3 5.018069 31
55 850 22 3 5.651975 31
65 850 22 3 3.917919 31
15 950 22 3 2.74239 32
25 950 22 3 3.354811 32
35 950 22 3 4.135372 32
45 950 22 3 4.603095 31
55 950 22 3 6.659727 31
25 350 23 3 -3.03661 277
35 350 23 3 -3.073544 276
45 350 23 3 -3.013872 276
55 350 23 3 -2.822052 276
65 350 23 3 -4.162871 276
25 450 23 3 -3.459509 277
35 450 23 3 -3.729339 276
45 450 23 3 -3.061699 276
55 450 23 3 -3.633393 276
65 450 23 3 -4.578665 276
25 550 23 3 -3.646948 276.3438
35 550 23 3 -3.842201 276
45 550 23 3 -3.076286 276
55 550 23 3 -4.401532 276
25 650 23 3 -3.769751 276.45
35 650 23 3 -3.822096 276
45 650 23 3 -3.586772 276
55 650 23 3 -4.147445 276
25 750 23 3 -4.225892 276.4571
35 750 23 3 -3.981571 276
45 750 23 3 -3.862286 276
55 750 23 3 -3.861549 276
25 850 23 3 -4.694998 276.4138
35 850 23 3 -4.141179 276
45 850 23 3 -3.883703 276
55 850 23 3 -4.157095 276
25 950 23 3 -4.902162 276
35 950 23 3 -4.46387 276
45 950 23 3 -3.392701 276
55 950 23 3 -4.131317 276
25 350 24 3 2.844389 119
35 350 24 3 4.228472 118
45 350 24 3 2.818606 118
55 350 24 3 1.825008 118
65 350 24 3 1.649316 118
25 450 24 3 2.969904 118.7843
35 450 24 3 5.240007 118
45 450 24 3 2.691789 118
55 450 24 3 2.515198 118
65 450 24 3 2.305659 118
25 550 24 3 3.520976 118.75
35 550 24 3 5.567349 118
45 550 24 3 2.222769 118
55 550 24 3 2.648352 118
65 550 24 3 3.461085 118
25 650 24 3 3.597074 118.6809
35 650 24 3 6.040174 118
45 650 24 3 2.739514 118
55 650 24 3 2.965337 118
65 650 24 3 4.163787 118
25 750 24 3 4.46086 118.6667
35 750 24 3 6.163806 118
45 750 24 3 3.543795 118
55 750 24 3 4.886204 118
25 850 24 3 5.096207 118.6757
35 850 24 3 5.992777 118
45 850 24 3 4.510562 118
55 850 24 3 4.305748 118
15 950 24 3 5.928047 119
25 950 24 3 5.840352 118.7877
35 950 24 3 4.72904 118
45 950 24 3 4.693951 118
55 950 24 3 3.129051 118
-15 350 21 4 -0.8650917 219
-5 350 21 4 -0.8992044 218.6834
5 350 21 4 -0.7659255 218
15 350 21 4 -0.9320756 218
-15 450 21 4 -0.9914788 219
-5 450 21 4 -0.987465 218.6023
5 450 21 4 -0.8838011 218
15 450 21 4 -0.6956835 218
-15 550 21 4 -0.9925096 219
-5 550 21 4 -0.9051028 218.5915
5 550 21 4 -0.7990767 218
15 550 21 4 -0.6806345 218
-15 650 21 4 -0.9759187 219
-5 650 21 4 -0.6538559 218.4068
5 650 21 4 -0.5730414 218
15 650 21 4 -0.7298247 218
-15 750 21 4 -1.118734 219
-5 750 21 4 -0.6526597 218.525
5 750 21 4 -0.6724061 218
15 750 21 4 -1.013486 218
-15 850 21 4 -1.185515 219
-5 850 21 4 -1.006754 218.4444
5 850 21 4 -1.023104 218
15 850 21 4 -1.749619 218
-15 950 21 4 -1.228259 219
-5 950 21 4 -1.033888 218.4255
5 950 21 4 -0.9255297 218
15 950 21 4 -1.822682 218
-15 350 22 4 -1.092186 34
-5 350 22 4 -1.056562 33.87179
5 350 22 4 -0.7050874 33
15 350 22 4 0.0570793 33
-15 450 22 4 -1.280388 34
-5 450 22 4 -1.135621 33.79167
5 450 22 4 -0.3696351 33
15 450 22 4 -0.4558909 33
-15 550 22 4 -1.366203 34
-5 550 22 4 -1.248913 33.81429
5 550 22 4 -0.3838105 33
15 550 22 4 -0.369122 33
-15 650 22 4 -1.204078 34
-5 650 22 4 -1.387659 33.79661
5 650 22 4 -0.3578383 33
15 650 22 4 0.0001805126 33
-15 750 22 4 -1.186543 34
-5 750 22 4 -1.118957 33.78182
5 750 22 4 -0.6003237 33
15 750 22 4 0.665928 33
-15 850 22 4 -1.154462 34
-5 850 22 4 -0.6765929 33.76471
5 850 22 4 -0.2539126 33
15 850 22 4 1.267238 33
-15 950 22 4 -1.039508 34
-5 950 22 4 -0.5055115 33.94286
5 950 22 4 -0.2362629 33
15 950 22 4 1.760881 33
-15 350 23 4 -3.019112 279
-5 350 23 4 -3.063253 279
5 350 23 4 -3.156444 278.2759
15 350 23 4 -2.864874 278
-15 450 23 4 -2.970398 279
-5 450 23 4 -3.08895 279
5 450 23 4 -3.240082 278.5238
15 450 23 4 -3.382042 278
-15 550 23 4 -2.881941 279
-5 550 23 4 -3.130096 279
5 550 23 4 -3.606058 278.4717
15 550 23 4 -3.594449 278
-15 650 23 4 -3.062864 279
-5 650 23 4 -3.310922 279
5 650 23 4 -3.61652 278.5319
15 650 23 4 -3.60165 278
-15 750 23 4 -3.179167 279
-5 750 23 4 -3.550259 279
5 750 23 4 -3.452096 278.475
15 750 23 4 -4.042418 278
-15 850 23 4 -3.201466 279
-5 850 23 4 -3.245166 279
5 850 23 4 -3.389851 278.5
15 850 23 4 -4.527948 278
-15 950 23 4 -3.267013 279
-5 950 23 4 -2.781192 279
5 950 23 4 -3.305676 278.4301
15 950 23 4 -4.785319 278
-15 350 24 4 -1.485419 121
-5 350 24 4 -1.390734 121
5 350 24 4 -0.9112507 120
15 350 24 4 0.5649635 120
-15 450 24 4 -1.592435 121
-5 450 24 4 -1.335259 120.9259
5 450 24 4 -1.130072 120
15 450 24 4 0.7021386 120
-15 550 24 4 -1.698708 121
-5 550 24 4 -0.9588038 120.7049
5 550 24 4 -0.5949455 120
15 550 24 4 0.5142593 120
-15 650 24 4 -1.431613 121
-5 650 24 4 -0.8815452 120.7037
5 650 24 4 0.1151726 120
15 650 24 4 1.018832 120
-15 750 24 4 -1.963773 121
-5 750 24 4 -0.8867276 120.7059
5 750 24 4 0.2897155 120
15 750 24 4 1.906602 120
-15 850 24 4 -3.403526 121
-5 850 24 4 -1.042371 120.7073
5 850 24 4 1.122444 120
15 850 24 4 2.647278 120
-15 950 24 4 -3.865556 121
-5 950 24 4 -1.103088 120.3785
5 950 24 4 1.342524 120
15 950 24 4 4.905164 120
-45 350 21 5 -2.31688 220.5319
-35 350 21 5 -1.585486 220
-15 350 21 5 -0.8741618 220
-45 450 21 5 -2.339337 220.75
-35 450 21 5 -2.286075 220
-15 450 21 5 -0.9640823 220
-45 550 21 5 -2.511051 220.7818
-35 550 21 5 -2.640234 220
-15 550 21 5 -1.023824 220
-45 650 21 5 -2.805395 220.9035
-35 650 21 5 -2.909728 220
-25 650 21 5 -1.230442 220
-15 650 21 5 -1.056368 220
-45 750 21 5 -3.009547 221
-35 750 21 5 -3.067406 220
-25 750 21 5 -1.393747 220
-15 750 21 5 -1.229464 220
-45 850 21 5 -3.291469 221
-35 850 21 5 -3.253206 220
-25 850 21 5 -1.535746 220
-15 850 21 5 -1.342216 220
-45 950 21 5 -3.250552 221
-35 950 21 5 -3.373672 220
-25 950 21 5 -2.311262 220
-15 950 21 5 -1.830089 220
-55 350 22 5 -3.654324 36
-45 350 22 5 -2.955593 35.86585
-35 350 22 5 -2.48322 35
-25 350 22 5 -1.95405 35
-15 350 22 5 -1.249336 35
-55 450 22 5 -3.997466 36
-45 450 22 5 -3.135015 36
-35 450 22 5 -3.033353 35
-25 450 22 5 -2.304586 35
-15 450 22 5 -1.090626 35
-55 550 22 5 -4.356143 36
-45 550 22 5 -3.477386 36
-35 550 22 5 -3.413069 35
-25 550 22 5 -1.981232 35
-15 550 22 5 -1.044682 35
-55 650 22 5 -5.065365 36
-45 650 22 5 -3.710555 36
-35 650 22 5 -3.382455 35
-25 650 22 5 -1.257742 35
-15 650 22 5 -0.9875268 35
-55 750 22 5 -5.217519 36
-45 750 22 5 -3.804077 36
-35 750 22 5 -3.262112 35
-25 750 22 5 -1.266454 35
-15 750 22 5 -1.216997 35
-55 850 22 5 -5.301739 36
-45 850 22 5 -3.907722 36
-35 850 22 5 -3.591665 35
-25 850 22 5 -1.708923 35
-15 850 22 5 -1.479399 35
-55 950 22 5 -5.302128 36
-45 950 22 5 -3.895742 36
-35 950 22 5 -4.158727 35
-25 950 22 5 -2.981461 35
-55 350 23 5 -2.242305 281
-45 350 23 5 -2.437861 280.8322
-35 350 23 5 -2.334664 280
-25 350 23 5 -2.569253 280
-15 350 23 5 -2.814748 280
-55 450 23 5 -2.110156 281
-45 450 23 5 -2.514911 280.8584
-35 450 23 5 -2.481273 280
-25 450 23 5 -2.468791 280
-15 450 23 5 -2.836903 280
-55 550 23 5 -2.273284 281
-45 550 23 5 -2.760007 280.9023
-35 550 23 5 -2.749483 280
-25 550 23 5 -2.483224 280
-15 550 23 5 -2.88451 280
-55 650 23 5 -2.603723 281
-45 650 23 5 -2.827671 280.8916
-35 650 23 5 -2.789288 280
-25 650 23 5 -2.523994 280
-15 650 23 5 -2.778058 280
-55 750 23 5 -2.839807 281
-45 750 23 5 -3.111369 281
-35 750 23 5 -2.730823 280
-25 750 23 5 -2.700201 280
-15 750 23 5 -2.925711 280
-55 850 23 5 -3.142628 281
-45 850 23 5 -3.248449 281
-35 850 23 5 -3.344064 280
-25 850 23 5 -3.223084 280
-15 850 23 5 -3.283783 280
-55 950 23 5 -3.58625 281
-45 950 23 5 -3.571494 281
-35 950 23 5 -3.81516 280
-25 950 23 5 -3.621722 280
-15 950 23 5 -3.404094 280
-45 350 24 5 -2.804949 123
-35 350 24 5 -2.191932 122.4231
-25 350 24 5 -1.956174 122
-15 350 24 5 -2.051779 122
-45 450 24 5 -2.697428 123
-35 450 24 5 -2.461683 122.6667
-25 450 24 5 -2.264152 122
-15 450 24 5 -2.164388 122
-45 550 24 5 -2.755435 123
-35 550 24 5 -2.74812 122.4615
-25 550 24 5 -2.474625 122
-15 550 24 5 -2.171754 122
-45 650 24 5 -3.152335 123
-35 650 24 5 -3.033531 122.3636
-25 650 24 5 -3.030907 122
-15 650 24 5 -2.382567 122
-45 750 24 5 -3.570612 123
-35 750 24 5 -3.27652 122.3611
-25 750 24 5 -3.744868 122
-15 750 24 5 -2.892516 122
-45 850 24 5 -3.810116 123
-35 850 24 5 -4.041283 122.3714
-25 850 24 5 -4.322911 122
-15 850 24 5 -3.962413 122
-45 950 24 5 -4.407796 123
-35 950 24 5 -4.280529 122.5278
-25 950 24 5 -4.451604 122
-15 950 24 5 -4.044318 122
-65 350 21 6 -3.074606 225
-55 350 21 6 -2.593897 224.7868
-45 350 21 6 -2.527372 224
-65 450 21 6 -3.420534 225
-55 450 21 6 -3.018068 224.875
-45 450 21 6 -2.994939 224
-65 550 21 6 -3.512314 225
-55 550 21 6 -3.232062 224.8427
-45 550 21 6 -3.206938 224
-65 650 21 6 -3.520681 225
-55 650 21 6 -3.348877 224.8642
-45 650 21 6 -3.403111 224
-65 750 21 6 -3.469912 225
-55 750 21 6 -3.485616 224.8571
-45 750 21 6 -3.496091 224
-65 850 21 6 -3.421299 225
-55 850 21 6 -3.459778 224.8451
-45 850 21 6 -3.431624 224
-65 950 21 6 -3.383723 225
-55 950 21 6 -3.487689 224.9554
-45 950 21 6 -2.958079 224
-65 350 22 6 -4.160479 40.60504
-55 350 22 6 -3.619007 40.18254
-45 350 22 6 -3.585614 40
-65 450 22 6 -4.661012 40.63107
-55 450 22 6 -4.232053 40.52439
-45 450 22 6 -3.647685 40
-65 550 22 6 -5.042814 40.65476
-55 550 22 6 -4.546722 40.52857
-45 550 22 6 -3.838688 40
-65 650 22 6 -5.290551 40.67143
-55 650 22 6 -4.73522 40.59375
-45 650 22 6 -4.227721 40
-65 750 22 6 -5.42951 40.66129
-55 750 22 6 -4.986632 40.54
-65 850 22 6 -5.532887 40.65
-55 850 22 6 -5.266471 40.48649
-65 950 22 6 -5.846045 40.56604
-55 950 22 6 -5.374752 40.53623
-65 350 23 6 -2.838941 283.5024
-55 350 23 6 -2.677646 283.3908
-45 350 23 6 -2.591752 283
-65 450 23 6 -3.079286 283.4872
-55 450 23 6 -2.871616 283.4609
-45 450 23 6 -2.688181 283
-65 550 23 6 -3.317385 283.4792
-55 550 23 6 -3.232893 283.6
-45 550 23 6 -2.890526 283
-65 650 23 6 -3.445988 283.425
-55 650 23 6 -3.419534 283.3158
-45 650 23 6 -3.053895 283
-65 750 23 6 -3.473934 283.4545
-55 750 23 6 -3.608521 283.3673
-45 750 23 6 -3.195734 283
-65 850 23 6 -3.444222 283.4865
-55 850 23 6 -3.495412 283.5747
-45 850 23 6 -2.94137 283
-65 950 23 6 -3.387315 283.4028
-55 950 23 6 -3.47149 283.3037
-45 950 23 6 -3.102956 283
-65 350 24 6 -3.596824 126
-55 350 24 6 -3.160494 125.4277
-45 350 24 6 -3.424169 125
-65 450 24 6 -4.009869 126
-55 450 24 6 -3.373758 125.4375
-45 450 24 6 -3.784486 125
-65 550 24 6 -4.167374 126
-55 550 24 6 -3.542974 125.5054
-45 550 24 6 -3.910527 125
-65 650 24 6 -4.30142 126
-55 650 24 6 -3.731796 125.6
-45 650 24 6 -4.196501 125
-65 750 24 6 -4.48257 126
-55 750 24 6 -4.115052 125.5921
-45 750 24 6 -4.49276 125
-65 850 24 6 -4.65712 126
-55 850 24 6 -4.506677 125.5714
-45 850 24 6 -4.810426 125
-65 950 24 6 -4.702147 126
-55 950 24 6 -4.709171 125.5111
-45 950 24 6 -4.758626 125
-55 350 21 7 -2.722196 227
-45 350 21 7 -2.674046 227
-35 350 21 7 -1.653084 227
-25 350 21 7 -1.53055 227
-15 350 21 7 -1.649054 227
-5 350 21 7 -1.578655 227
-55 450 21 7 -3.031977 227
-45 450 21 7 -2.77479 227
-35 450 21 7 -1.653004 227
-25 450 21 7 -1.387274 227
-15 450 21 7 -1.493288 227
-5 450 21 7 -1.419152 227
-55 550 21 7 -3.137078 227
-45 550 21 7 -3.078054 227
-35 550 21 7 -1.61062 227
-25 550 21 7 -1.59412 227
-15 550 21 7 -1.708278 227
-5 550 21 7 -1.514528 227
-55 650 21 7 -3.163664 227
-45 650 21 7 -3.224045 227
-35 650 21 7 -2.283668 227
-25 650 21 7 -1.960755 227
-15 650 21 7 -1.433572 227
-5 650 21 7 -1.718707 227
-55 750 21 7 -3.189365 227
-45 750 21 7 -3.257237 227
-35 750 21 7 -2.880099 227
-25 750 21 7 -2.220776 227
-15 750 21 7 -1.418355 227
-55 850 21 7 -3.136309 227
-45 850 21 7 -3.229919 227
-35 850 21 7 -3.916742 227
-25 850 21 7 -2.723088 227
-15 850 21 7 -1.150745 227
-55 950 21 7 -3.141496 227
-45 950 21 7 -3.238769 227
-35 950 21 7 -4.171558 227
-25 950 21 7 -2.655841 227
-15 950 21 7 -1.100433 227
-55 350 22 7 -3.076955 43
-45 350 22 7 -3.041606 43
-35 350 22 7 -2.356452 43
-25 350 22 7 -2.501969 43
-15 350 22 7 -3.062107 43
-5 350 22 7 -1.018207 43
-55 450 22 7 -3.664284 43
-45 450 22 7 -3.288618 43
-35 450 22 7 -2.784081 43
-25 450 22 7 -3.150452 43
-15 450 22 7 -3.649495 43
-5 450 22 7 -1.166908 43
-55 550 22 7 -4.10152 43
-45 550 22 7 -3.29531 43
-35 550 22 7 -2.734994 43
-25 550 22 7 -3.088749 43
-15 550 22 7 -3.277435 43
-5 550 22 7 1.593638 43
-55 650 22 7 -4.491536 43
-45 650 22 7 -3.667757 43
-35 650 22 7 -3.012258 43
-25 650 22 7 -3.036041 43
-15 650 22 7 -2.443865 43
-5 650 22 7 3.144105 43
-55 750 22 7 -4.921061 43
-45 750 22 7 -4.161646 43
-35 750 22 7 -3.372892 43
-25 750 22 7 -3.244188 43
-15 750 22 7 -3.296299 43
-5 750 22 7 3.035579 43
-55 850 22 7 -6.186416 43
-45 850 22 7 -4.494387 43
-35 850 22 7 -3.737316 43
-15 850 22 7 -4.161567 43
-5 850 22 7 -1.213441 43
-55 950 22 7 -6.754455 43
-45 950 22 7 -5.304279 43
-35 950 22 7 -3.918974 43
-15 950 22 7 -4.188523 43
-5 950 22 7 -3.093595 43
-65 350 23 7 -3.115213 286
-55 350 23 7 -2.942898 286
-65 450 23 7 -3.344394 286
-55 450 23 7 -3.278702 286
-65 550 23 7 -3.426544 286
-55 550 23 7 -3.365131 286
-65 650 23 7 -3.494177 286
-55 650 23 7 -3.410428 286
-65 750 23 7 -3.522116 286
-55 750 23 7 -3.436642 286
-65 850 23 7 -3.478873 286
-55 850 23 7 -3.738768 286
-65 950 23 7 -3.468861 286
-55 950 23 7 -3.506962 286
-65 350 24 7 -3.628748 128
-55 350 24 7 -3.02973 128
-65 450 24 7 -4.134721 128
-55 450 24 7 -3.545537 128
-65 550 24 7 -4.321655 128
-55 550 24 7 -3.822017 128
-65 650 24 7 -4.415537 128
-55 650 24 7 -4.201352 128
-65 750 24 7 -4.627346 128
-55 750 24 7 -4.469504 128
-65 850 24 7 -4.773085 128
-55 850 24 7 -4.777613 128
-65 950 24 7 -4.83269 128
-55 950 24 7 -4.699878 128
-5 350 21 8 -1.734488 229
5 350 21 8 -3.100207 229
15 350 21 8 -2.644833 229
25 350 21 8 -2.231172 229
35 350 21 8 -1.832956 229
-5 450 21 8 -1.550057 229
5 450 21 8 -3.244042 229
15 450 21 8 -3.231153 229
25 450 21 8 -2.17936 229
35 450 21 8 -1.827617 229
-5 550 21 8 -1.946562 229
5 550 21 8 -2.943766 229
15 550 21 8 -3.353985 229
25 550 21 8 -2.48746 229
35 550 21 8 -2.021995 229
-5 650 21 8 -1.442186 229
5 650 21 8 -1.940666 229
15 650 21 8 -3.734758 229
25 650 21 8 -3.436618 229
35 650 21 8 -2.843118 229
-5 750 21 8 1.234386 229
5 750 21 8 -1.596547 229
15 750 21 8 -2.792263 229
25 750 21 8 -3.893245 229
35 750 21 8 -3.551683 229
-5 850 21 8 0.6496812 229
5 850 21 8 -1.139683 229
15 850 21 8 -2.302837 229
25 850 21 8 -3.908448 229
35 850 21 8 -3.851973 229
-5 950 21 8 -1.022568 229
5 950 21 8 -0.4330469 229
15 950 21 8 -3.97432 229
25 950 21 8 -6.238063 229
35 950 21 8 -4.971506 229
-5 350 22 8 -0.9357182 45
5 350 22 8 0.4575187 45
15 350 22 8 -0.2339379 45
25 350 22 8 -0.04045886 45
35 350 22 8 0.1687126 45
-5 450 22 8 1.985426 45
5 450 22 8 0.5479048 45
15 450 22 8 -0.07855287 45
25 450 22 8 0.2285655 45
35 450 22 8 0.02272069 45
-5 550 22 8 2.860456 45
5 550 22 8 1.38348 45
15 550 22 8 0.09854348 45
25 550 22 8 0.4428313 45
35 550 22 8 -0.1393968 45
-5 650 22 8 4.061691 45
5 650 22 8 4.212262 45
15 650 22 8 0.3165485 45
25 650 22 8 0.7388625 45
35 650 22 8 0.1090198 45
-5 750 22 8 2.729297 45
5 750 22 8 4.503871 45
15 750 22 8 0.5722233 45
25 750 22 8 0.8099762 45
35 750 22 8 1.327045 45
-5 850 22 8 -0.5368482 45
5 850 22 8 3.294905 45
15 850 22 8 0.9370101 45
25 850 22 8 1.619642 45
35 850 22 8 3.021775 45
-5 950 22 8 -2.128345 45
5 950 22 8 2.558748 45
15 950 22 8 2.033743 45
25 950 22 8 2.946425 45
35 950 22 8 3.695599 45
-55 350 23 8 -2.945557 289
-45 350 23 8 -2.711288 289
-35 350 23 8 -2.941602 289
-25 350 23 8 -2.874709 289
-15 350 23 8 -2.369929 289
-5 350 23 8 -2.949039 289
-55 450 23 8 -3.189342 289
-45 450 23 8 -2.790532 289
-35 450 23 8 -2.698208 289
-25 450 23 8 -2.721021 289
-15 450 23 8 -1.986435 289
-5 450 23 8 0.3835435 289
-45 550 23 8 -2.770925 289
-35 550 23 8 -2.638396 289
-25 550 23 8 -2.600166 289
-15 550 23 8 -1.985059 289
-5 550 23 8 1.268466 289
-45 650 23 8 -3.098036 289
-35 650 23 8 -2.796264 289
-25 650 23 8 -2.27643 289
-15 650 23 8 -1.597104 289
-5 650 23 8 2.710912 289
-45 750 23 8 -3.044807 289
-35 750 23 8 -3.062357 289
-25 750 23 8 -2.07388 289
-15 750 23 8 -1.181661 289
-5 750 23 8 2.65742 289
-45 850 23 8 -3.433784 289
-35 850 23 8 -3.303233 289
-25 850 23 8 -2.915185 289
-15 850 23 8 -2.95446 289
-5 850 23 8 0.7263257 289
-45 950 23 8 -4.173631 289
-35 950 23 8 -3.50553 289
-25 950 23 8 -3.320496 289
-15 950 23 8 -3.228239 289
-5 950 23 8 -1.111199 289
-55 350 24 8 -3.722086 131
-45 350 24 8 -3.253892 131
-35 350 24 8 -2.329036 131
-25 350 24 8 -1.351944 131
-15 350 24 8 -1.053765 131
-5 350 24 8 -0.2827719 131
-55 450 24 8 -4.074533 131
-45 450 24 8 -3.547109 131
-35 450 24 8 -2.789724 131
-25 450 24 8 -1.721867 131
-15 450 24 8 -1.485928 131
-5 450 24 8 -0.4937138 131
-55 550 24 8 -3.975296 131
-45 550 24 8 -3.928859 131
-35 550 24 8 -3.406308 131
-25 550 24 8 -2.111901 131
-15 550 24 8 -1.883187 131
-5 550 24 8 -1.616687 131
-55 650 24 8 -4.111487 131
-45 650 24 8 -4.234111 131
-35 650 24 8 -4.29795 131
-25 650 24 8 -2.661407 131
-15 650 24 8 -2.242061 131
-5 650 24 8 -1.652341 131
-55 750 24 8 -4.483031 131
-45 750 24 8 -4.611429 131
-35 750 24 8 -5.035695 131
-25 750 24 8 -3.691225 131
-15 750 24 8 -2.955077 131
-5 750 24 8 -1.951067 131
-55 850 24 8 -4.87837 131
-45 850 24 8 -4.709681 131
-35 850 24 8 -5.127295 131
-25 850 24 8 -4.142869 131
-15 850 24 8 -3.612096 131
-55 950 24 8 -4.913264 131
-45 950 24 8 -4.726602 131
-35 950 24 8 -4.678017 131
-25 950 24 8 -4.114196 131
-15 950 24 8 -3.745359 131
45 350 21 9 -1.797061 232
55 350 21 9 -5.192566 232
65 350 21 9 -5.78397 232
75 350 21 9 -6.827936 232
35 450 21 9 -1.934695 232
45 450 21 9 -2.477693 232
55 450 21 9 -5.088548 232
65 450 21 9 -7.068604 232
75 450 21 9 -7.826585 232
35 550 21 9 -2.331951 232
45 550 21 9 -3.814988 232
65 550 21 9 -8.699936 232
75 550 21 9 -9.545937 232
35 650 21 9 -2.734176 232
45 650 21 9 -4.914877 232
65 650 21 9 -11.17878 232
75 650 21 9 -11.39189 232
45 750 21 9 -5.148781 232
65 750 21 9 -10.82532 232
75 750 21 9 -10.46007 232
45 850 21 9 -6.676261 232
65 850 21 9 -12.25282 232
75 850 21 9 -9.523579 232
45 950 21 9 -9.543104 232
75 950 21 9 -9.906695 232
35 350 22 9 0.188659 48
45 350 22 9 0.1544387 48
55 350 22 9 1.499093 48
65 350 22 9 2.716387 48
75 350 22 9 2.057731 48
35 450 22 9 0.1682793 48
45 450 22 9 0.1475747 48
55 450 22 9 1.805169 48
65 450 22 9 4.14519 48
75 450 22 9 3.654522 48
35 550 22 9 0.3053863 48
45 550 22 9 0.146629 48
55 550 22 9 2.017932 48
65 550 22 9 4.108032 48
75 550 22 9 3.892711 48
35 650 22 9 0.9079956 48
45 650 22 9 1.043047 48
55 650 22 9 1.518536 48
65 650 22 9 4.596953 48
75 650 22 9 3.899876 48
35 750 22 9 2.481569 48
45 750 22 9 1.135273 48
55 750 22 9 1.409981 48
65 750 22 9 4.701135 48
75 750 22 9 4.160267 48
35 850 22 9 3.221877 48
45 850 22 9 2.60628 48
55 850 22 9 2.184574 48
65 850 22 9 4.735832 48
75 850 22 9 4.710847 48
35 950 22 9 3.204877 48
45 950 22 9 3.444133 48
55 950 22 9 3.195608 48
65 950 22 9 5.402513 48
75 950 22 9 4.321509 48
-5 350 23 9 -3.428068 291
5 350 23 9 -3.849634 291
15 350 23 9 -3.665049 291
-5 450 23 9 -2.614757 291
5 450 23 9 -4.27519 291
15 450 23 9 -3.504945 291
-5 550 23 9 -0.2543412 291
5 550 23 9 -3.880933 291
15 550 23 9 -3.716598 291
-5 650 23 9 0.9880678 291
5 650 23 9 -3.38833 291
15 650 23 9 -4.236896 291
-5 750 23 9 1.104614 291
5 750 23 9 -5.801474 291
15 750 23 9 -4.618865 291
-5 850 23 9 -2.026191 291
5 850 23 9 -4.696616 291
15 850 23 9 -3.385261 291
-5 950 23 9 -1.628974 291
5 950 23 9 -3.25983 291
15 950 23 9 -3.151089 291
-5 350 24 9 -0.3896004 133
5 350 24 9 -0.07888675 133
15 350 24 9 -0.08280348 133
25 350 24 9 1.26238 133
35 350 24 9 1.458035 133
-5 450 24 9 -0.5503975 133
5 450 24 9 -0.01010227 133
15 450 24 9 0.7818797 133
25 450 24 9 1.456336 133
35 450 24 9 1.939272 133
-5 550 24 9 -0.6599634 133
5 550 24 9 -0.2420821 133
15 550 24 9 1.132919 133
25 550 24 9 0.6683212 133
35 550 24 9 2.047523 133
-5 650 24 9 -1.507865 133
5 650 24 9 -0.1657768 133
15 650 24 9 2.03498 133
25 650 24 9 1.092883 133
35 650 24 9 2.754914 133
-5 750 24 9 -1.786258 133
5 750 24 9 -0.06828727 133
15 750 24 9 3.058597 133
25 750 24 9 2.156796 133
35 750 24 9 3.675249 133
-5 850 24 9 -2.267468 133
5 850 24 9 0.1042819 133
15 850 24 9 2.581421 133
25 850 24 9 3.493539 133
-5 950 24 9 -2.526715 133
5 950 24 9 0.5705335 133
15 950 24 9 4.002261 133
25 950 24 9 4.173735 133
65 350 22 10 2.289971 49
75 350 22 10 1.633504 49
65 450 22 10 3.617886 49
75 450 22 10 3.256989 49
65 550 22 10 3.391471 49
75 550 22 10 4.223118 49
65 650 22 10 3.945824 49
75 650 22 10 5.104611 49
65 750 22 10 4.949019 49
75 750 22 10 6.112259 49
65 850 22 10 7.763779 49
75 850 22 10 6.195418 49
65 950 22 10 8.312711 49
75 950 22 10 6.871158 49
15 350 23 10 -3.580025 292
25 350 23 10 -4.01158 292
35 350 23 10 -2.911309 292
5 450 23 10 -3.808142 292
15 450 23 10 -3.658765 292
25 450 23 10 -3.314232 292
35 450 23 10 -2.894883 292
5 550 23 10 -4.409753 292
15 550 23 10 -3.786435 292
25 550 23 10 -2.731157 292
35 550 23 10 -2.895463 292
5 650 23 10 -6.044599 292
15 650 23 10 -3.927461 292
25 650 23 10 -2.723513 292
35 650 23 10 -2.839941 292
5 750 23 10 -7.178499 292
15 750 23 10 -3.627813 292
25 750 23 10 -2.594216 292
35 750 23 10 -3.100672 292
5 850 23 10 -5.947815 292
15 850 23 10 -3.401666 292
25 850 23 10 -2.627309 292
35 850 23 10 -3.542154 292
5 950 23 10 -2.88902 292
15 950 23 10 -3.403476 292
25 950 23 10 -2.856599 292
35 950 23 10 -3.713325 292
45 350 24 10 2.448608 136
55 350 24 10 2.324542 136
65 350 24 10 2.883375 136
35 450 24 10 2.780466 136
45 450 24 10 2.336003 136
55 450 24 10 2.343053 136
65 450 24 10 3.97709 136
35 550 24 10 2.708358 136
45 550 24 10 2.986874 136
55 550 24 10 2.695721 136
65 550 24 10 4.772194 136
35 650 24 10 2.692392 136
45 650 24 10 3.745712 136
55 650 24 10 3.36088 136
65 650 24 10 5.584798 136
35 750 24 10 3.121511 136
45 750 24 10 4.159419 136
55 750 24 10 4.224043 136
65 750 24 10 5.77094 136
35 850 24 10 3.288309 136
45 850 24 10 4.635164 136
55 850 24 10 4.30513 136
65 850 24 10 5.703942 136
45 950 24 10 4.718148 136
55 950 24 10 4.16373 136
65 950 24 10 6.178967 136
35 350 22 11 -0.04407798 51
45 350 22 11 2.591753 51
55 350 22 11 4.063664 51
65 350 22 11 4.468947 51
35 450 22 11 1.2461 51
45 450 22 11 3.124685 51
55 450 22 11 3.97158 51
65 450 22 11 4.123071 51
35 550 22 11 2.787403 51
45 550 22 11 3.957879 51
55 550 22 11 3.823755 51
65 550 22 11 3.800905 51
35 650 22 11 3.571879 51
45 650 22 11 4.194175 51
55 650 22 11 4.408396 51
65 650 22 11 3.823231 51
35 750 22 11 2.949047 51
45 750 22 11 4.293709 51
55 750 22 11 4.08548 51
65 750 22 11 4.038181 51
35 850 22 11 3.744454 51
45 850 22 11 4.352069 51
55 850 22 11 4.980846 51
65 850 22 11 5.513888 51
45 950 22 11 4.347371 51
55 950 22 11 5.709096 51
45 350 23 11 -2.839371 295
55 350 23 11 -3.06311 295
65 350 23 11 -2.457787 295
35 450 23 11 -2.768465 295
45 450 23 11 -2.619158 295
55 450 23 11 -2.912288 295
65 450 23 11 -2.816001 295
35 550 23 11 -2.687853 295
45 550 23 11 -2.666278 295
55 550 23 11 -2.531553 295
65 550 23 11 -1.866616 295
35 650 23 11 -2.679051 295
45 650 23 11 -2.774537 295
55 650 23 11 -2.304161 295
65 650 23 11 -2.298102 295
35 750 23 11 -2.85269 295
45 750 23 11 -2.753868 295
55 750 23 11 -2.924976 295
65 750 23 11 -2.581473 295
35 850 23 11 -2.993212 295
45 850 23 11 -3.038253 295
55 850 23 11 -3.772044 295
65 850 23 11 -2.42809 295
35 950 23 11 -3.104803 295
45 950 23 11 -3.167214 295
55 950 23 11 -4.080965 295
65 950 23 11 -2.243294 295
45 350 24 11 3.127017 137
65 350 24 11 3.441703 137
45 450 24 11 2.711757 137
65 450 24 11 4.369199 137
45 550 24 11 2.894559 137
65 550 24 11 5.843247 137
45 650 24 11 3.547642 137
65 650 24 11 5.6721 137
45 750 24 11 4.397513 137
65 750 24 11 5.834559 137
45 850 24 11 5.219357 137
65 850 24 11 6.141941 137
45 950 24 11 4.890691 137
65 950 24 11 6.216386 137
45 350 23 12 -3.068793 297
55 350 23 12 -2.866178 297
65 350 23 12 -2.663375 297
75 350 23 12 -2.724017 297
45 450 23 12 -2.549739 297
55 450 23 12 -2.410681 297
65 450 23 12 -2.707084 297
75 450 23 12 -2.360733 297
45 550 23 12 -2.106596 297
55 550 23 12 -2.23267 297
65 550 23 12 -2.68374 297
75 550 23 12 -2.098889 297
45 650 23 12 -2.292554 297
55 650 23 12 -1.795693 297
65 650 23 12 -2.754288 297
75 650 23 12 -2.872915 297
45 750 23 12 -2.472943 297
55 750 23 12 0.3865484 297
65 750 23 12 -3.217855 297
75 750 23 12 -3.213151 297
55 850 23 12 2.531329 297
65 850 23 12 -3.538255 297
75 850 23 12 -3.354493 297
55 950 23 12 2.566847 297
65 950 23 12 -2.850506 297
75 950 23 12 -2.821989 297
45 350 24 12 2.642161 138
55 350 24 12 2.776569 138
65 350 24 12 4.18895 138.1633
75 350 24 12 3.088854 138
45 450 24 12 2.799449 138
65 450 24 12 5.213835 138.1897
75 450 24 12 4.027699 138
45 550 24 12 2.721891 138
65 550 24 12 5.378901 138.1719
75 550 24 12 4.502233 138
45 650 24 12 2.754745 138
65 650 24 12 5.647579 138.5147
75 650 24 12 4.989673 138
45 750 24 12 2.807505 138
65 750 24 12 5.810498 138.325
75 750 24 12 5.37686 138
65 850 24 12 5.922034 138.4444
75 850 24 12 6.229435 138
65 950 24 12 6.535247 138.1932
75 950 24 12 6.934739 138
35 350 23 13 -2.906892 299.5392
45 350 23 13 -2.740306 299
55 350 23 13 -2.761337 299
65 350 23 13 -2.632109 299
35 450 23 13 -2.63958 299.1087
45 450 23 13 -2.346555 299
55 450 23 13 -2.725681 299
65 450 23 13 -2.483182 299
35 550 23 13 -2.713875 299
45 550 23 13 -2.493021 299
55 550 23 13 -2.618004 299
65 550 23 13 -2.775671 299
35 650 23 13 -2.777847 299
45 650 23 13 -2.670026 299
55 650 23 13 -2.435627 299
65 650 23 13 -2.899565 299
35 750 23 13 -2.780815 299
45 750 23 13 -2.97575 299
55 750 23 13 -2.552818 299
65 750 23 13 -2.350288 299
35 850 23 13 -2.849704 299
45 850 23 13 -3.051849 299
55 850 23 13 -2.602437 299
65 850 23 13 -2.020108 299
35 950 23 13 -2.00649 299
45 950 23 13 -3.366996 299
55 950 23 13 -2.168544 299
35 350 24 13 3.611396 140
45 350 24 13 3.007143 140
55 350 24 13 3.344964 140
65 350 24 13 3.513205 140
35 450 24 13 3.96818 140
45 450 24 13 3.267116 140
55 450 24 13 4.898764 140
65 450 24 13 4.579484 140
35 550 24 13 3.928208 140
45 550 24 13 3.525236 140
55 550 24 13 5.520158 140
65 550 24 13 5.406283 140
35 650 24 13 3.684141 140
45 650 24 13 3.858916 140
55 650 24 13 5.869711 140
65 650 24 13 5.026128 140
35 750 24 13 3.458872 140
45 750 24 13 4.130776 140
55 750 24 13 5.674812 140
65 750 24 13 4.741039 140
35 850 24 13 3.135941 140
45 850 24 13 4.764014 140
55 850 24 13 5.124317 140
35 950 24 13 2.815554 140
45 950 24 13 4.707434 140
55 950 24 13 4.488005 140
