-65 -55 -45 -35 -25 -15 -5 5 15 25 35 45 55 65 75
350 450 550 650 750 850 950
-3.129839 -3.352756 -3.507268 -3.608248 -3.722585 -3.791127 -3.926082
-2.832084 -3.083639 -3.222914 -3.376333 -3.501536 -3.665518 -3.797063
-2.646884 -2.726594 -2.82635 -2.947385 -3.131422 -3.319787 -3.528808
-2.367389 -2.508161 -2.656099 -2.772382 -2.894648 -3.030359 -3.193068
-2.165575 -2.466784 -2.483688 -2.41877 -2.371525 -2.448154 -2.798131
-1.75424 -2.000557 -2.058136 -1.851398 -1.908064 -2.173087 -2.424509
-1.564437 -1.142016 -0.7540723 -0.2109351 -0.1147465 -0.9173594 -1.449433
-1.204686 -1.148058 -0.8631917 -0.3580246 -0.1555121 -0.2366137 -0.2690987
-0.96086 -0.8760947 -0.7878985 -0.631057 -0.5462422 -0.3490287 0.155911
-0.4951815 -0.3631767 -0.2309161 -0.0227837 0.1165925 0.1582612 0.4610104
-0.2060117 0.04291241 0.2607806 0.2823744 0.5107885 0.3865028 0.2642135
0.2614828 0.475281 0.5568603 0.6384953 0.781492 0.768801 1.041883
0.05885423 0.4381023 0.8351588 1.106971 1.417573 1.764779 2.130052
-0.09760962 0.1186759 0.2204498 0.130381 0.5024976 0.1832431 2.744139
-0.9399114 -0.4587436 -0.2883562 -0.2241284 -0.1206973 -0.1132307 0.3828255
