-65 -55 -45 -35 -25 -15 -5 5 15 25 35 45 55 65 75
350 450 550 650 750 850 950
-3.050549 -3.35588 -3.530034 -3.652071 -3.732 -3.783424 -3.846325
-2.673115 -2.945019 -3.114858 -3.27546 -3.432266 -3.57537 -3.691285
-2.473335 -2.564281 -2.669202 -2.82863 -3.016726 -3.219455 -3.568831
-2.103156 -2.238804 -2.337041 -2.389549 -2.516023 -2.77519 -3.180051
-1.774738 -2.144301 -2.076519 -1.928963 -2.114447 -2.475964 -2.987843
-1.509727 -1.78284 -1.719582 -1.702036 -1.776687 -2.079195 -2.342024
-1.367355 -1.198722 -0.8691341 -0.4843387 -0.2635255 -0.8592651 -1.555154
-0.98462 -1.077394 -1.05111 -0.7988074 -0.3258802 -0.2290409 -0.1184601
-0.8864039 -0.7548976 -0.7227171 -0.5696329 -0.05882192 0.3142438 1.076215
-0.3311558 -0.3018498 -0.09757072 0.2214161 0.5065103 0.9620684 1.50813
-0.002579221 0.2886194 0.6161011 0.875105 1.231839 1.469173 1.688207
0.4129051 0.614167 0.9240828 1.207392 1.566754 2.031399 2.330005
0.4661756 0.9777723 1.469446 1.875607 2.383093 3.136172 3.575663
0.1980887 0.8515864 1.150095 1.365182 1.908836 2.064761 3.704889
-0.1984487 0.4964077 0.7494459 0.933515 1.099856 1.332433 1.770486
