-65 -55 -45 -35 -25 -15 -5 5 15 25 35 45 55 65 75
350 450 550 650 750 850 950
1.168692 1.351895 1.650763 1.824731 1.930939 2.013461 2.327994
1.006844 0.9820836 1.252271 1.430558 1.597152 1.680726 1.718451
1.182638 0.958036 0.9007231 0.8792328 0.9643784 1.041915 1.488353
1.512708 1.168856 1.077536 1.148764 0.6916442 0.6127381 1.680785
1.4589 2.369885 1.547069 0.9331358 1.310441 0.7370086 0.4895702
0.9185734 1.491123 0.8512952 0.3827968 0.5671287 0.6022441 1.01917
1.879271 0.7587402 0.8446542 2.140314 1.782259 0.5878434 0.9339035
3.238479 3.411177 3.732489 3.735292 4.55249 4.457455 4.942087
4.522538 5.247633 5.480989 5.458946 5.83013 6.480865 8.435358
6.231317 6.308286 6.27999 6.74553 7.564326 8.215886 10.10465
6.670148 7.294905 7.805643 8.363345 8.814571 8.874243 9.175707
7.281053 7.986052 8.713056 9.14507 9.481402 10.06609 9.656963
8.377587 9.272978 9.345378 9.037837 8.625559 7.915986 8.023467
8.890154 10.63775 11.83155 12.39826 11.53763 12.36516 8.837577
9.359821 11.42419 12.30335 13.40169 14.0933 14.9523 15.50637
