lat prs camp flt x yday
5 350 21 1 -0.6355637 210
15 350 21 1 -0.5238378 210
25 350 21 1 -0.5424216 210
35 350 21 1 -0.5112743 210
5 450 21 1 -0.6546688 210
15 450 21 1 -0.6716871 210
25 450 21 1 -0.7898671 210
5 550 21 1 -0.7375341 210
15 550 21 1 -0.9073429 210
25 550 21 1 -1.134695 210
5 650 21 1 -0.8748692 210
15 650 21 1 -0.8558039 210
25 650 21 1 -1.698424 210
5 750 21 1 -0.7850819 210
15 750 21 1 -0.8814266 210
5 850 21 1 -1.312645 210
15 850 21 1 -0.8467223 210
25 850 21 1 -0.7052139 210
5 950 21 1 -1.529016 210
15 950 21 1 -1.20844 210
25 950 21 1 -1.471758 210
5 350 22 1 -1.49453 25
15 350 22 1 -1.256633 25.64151
25 350 22 1 -0.6259449 25.73333
35 350 22 1 -0.3648784 25.14894
5 450 22 1 -1.394341 25
15 450 22 1 -1.383398 25.5
25 450 22 1 -0.9016061 26
35 450 22 1 0.8336512 26
5 550 22 1 -1.417738 25
15 550 22 1 -1.278712 25.51852
25 550 22 1 -0.1635252 26
35 550 22 1 2.771346 26
5 650 22 1 -1.029702 25
15 650 22 1 -0.8609075 25.5
25 650 22 1 1.070258 26
35 650 22 1 3.474846 26
5 750 22 1 -0.8773914 25
15 750 22 1 0.3230573 25.71429
25 750 22 1 2.178353 26
35 750 22 1 4.304336 26
5 850 22 1 -0.429834 25
15 850 22 1 2.105795 26
25 850 22 1 3.219859 26
35 850 22 1 5.623247 26
5 950 22 1 -0.290811 25
15 950 22 1 2.603237 26
25 950 22 1 4.465282 26
-5 350 23 1 -2.8881 270
5 350 23 1 -3.045719 270
15 350 23 1 -3.439431 270
25 350 23 1 -3.394065 270
35 350 23 1 -3.638258 270.2581
-5 450 23 1 -3.062186 270
5 450 23 1 -3.155746 270
15 450 23 1 -3.569586 270
25 450 23 1 -3.536658 270
35 450 23 1 -3.563045 270.4923
-5 550 23 1 -3.037493 270
5 550 23 1 -3.089808 270
15 550 23 1 -3.756585 270
25 550 23 1 -3.639815 270
35 550 23 1 -4.214193 270.4688
5 650 23 1 -3.012718 270
15 650 23 1 -3.743369 270
25 650 23 1 -4.035482 270
35 650 23 1 -4.847954 270.4324
5 750 23 1 -3.098987 270
15 750 23 1 -3.020545 270
25 750 23 1 -4.282542 270
35 750 23 1 -4.494777 270.6154
5 850 23 1 -2.517714 270
15 850 23 1 -4.118727 270
25 850 23 1 -5.945637 270
35 850 23 1 -4.065887 270.66
5 950 23 1 -2.229287 270
15 950 23 1 -5.842897 270
25 950 23 1 -6.851388 270
35 950 23 1 -3.711144 270.9
5 350 24 1 0.3516659 113
15 350 24 1 0.8040282 113
25 350 24 1 0.6138953 113
35 350 24 1 1.293467 113
5 450 24 1 0.211144 113
15 450 24 1 0.8477327 113
25 450 24 1 0.8914743 113
35 450 24 1 1.883147 113
5 550 24 1 0.009484154 113
15 550 24 1 0.857373 113
25 550 24 1 1.300045 113
35 550 24 1 2.298538 113.3462
5 650 24 1 0.4761066 113
15 650 24 1 1.430874 113
25 650 24 1 1.49682 113
35 650 24 1 2.455938 113.4667
5 750 24 1 0.5370673 113
15 750 24 1 2.182699 113
25 750 24 1 1.915749 113
5 850 24 1 0.08026294 113
15 850 24 1 2.640875 113
25 850 24 1 1.153012 113
5 950 24 1 0.2414849 113
15 950 24 1 4.238484 113
25 950 24 1 5.166535 113
35 350 21 2 -0.7327968 213
45 350 21 2 -1.05848 213
65 350 21 2 -5.775935 213.1282
75 350 21 2 -6.998892 213
65 450 21 2 -7.275903 213.7614
75 450 21 2 -8.48708 213
65 550 21 2 -8.907134 213
75 550 21 2 -9.135872 213
65 650 21 2 -11.62763 213
75 650 21 2 -10.05021 213
75 750 21 2 -10.59117 213
75 850 21 2 -9.95352 213
75 950 21 2 -9.710699 213
35 350 22 2 -0.3780491 28
45 350 22 2 0.7665806 28
55 350 22 2 2.092613 28
65 350 22 2 2.244868 29
75 350 22 2 1.888245 29
35 450 22 2 -0.1784207 28
45 450 22 2 1.922395 28
55 450 22 2 3.226798 28
65 450 22 2 3.404037 29
75 450 22 2 3.476534 29
35 550 22 2 0.06520727 28
45 550 22 2 2.317879 28
55 550 22 2 4.093643 28
65 550 22 2 4.021106 29
75 550 22 2 3.940074 29
35 650 22 2 0.5435055 28
45 650 22 2 2.993453 28
55 650 22 2 4.433274 28
65 650 22 2 4.251527 29
75 650 22 2 4.064826 29
35 750 22 2 1.467081 28
45 750 22 2 3.618218 28
55 750 22 2 4.616141 28
65 750 22 2 4.691838 29
75 750 22 2 4.481498 29
35 850 22 2 3.587569 28
45 850 22 2 3.970893 28
55 850 22 2 4.46134 28
65 850 22 2 4.950042 29
75 850 22 2 5.008836 29
35 950 22 2 7.170806 28
45 950 22 2 3.724492 28
55 950 22 2 4.563517 28
65 950 22 2 5.710383 29
75 950 22 2 5.355431 29
35 350 23 2 -3.103606 273
45 350 23 2 -2.818484 273
55 350 23 2 -4.518833 273
65 350 23 2 -4.386389 274
75 350 23 2 -3.742223 273.5581
35 450 23 2 -2.802747 273
45 450 23 2 -2.726341 273
55 450 23 2 -4.292065 273
65 450 23 2 -3.924397 274
75 450 23 2 -3.9108 273.5455
35 550 23 2 -2.704123 273
45 550 23 2 -2.837218 273
55 550 23 2 -4.281727 273
65 550 23 2 -3.410759 274
75 550 23 2 -3.729298 273.8421
35 650 23 2 -2.933662 273
45 650 23 2 -2.838222 273
55 650 23 2 -4.263345 273
65 650 23 2 -3.539233 274
75 650 23 2 -3.397533 274
35 750 23 2 -4.856557 273
45 750 23 2 -2.717316 273
55 750 23 2 -4.471624 273
65 750 23 2 -3.802505 274
75 750 23 2 -3.275028 274
35 850 23 2 -4.950286 273
45 850 23 2 -3.599918 273
55 850 23 2 -4.496963 273
75 850 23 2 -3.515415 274
35 950 23 2 -4.725529 273
45 950 23 2 -4.093211 273
55 950 23 2 -1.790544 273
75 950 23 2 -5.207139 274
35 350 24 2 3.462677 116
45 350 24 2 3.304883 116
55 350 24 2 4.971793 116
65 350 24 2 4.556681 117
75 350 24 2 4.833637 116.36
35 450 24 2 3.415972 116
45 450 24 2 3.66168 116
55 450 24 2 5.98656 116
65 450 24 2 7.290585 117
75 450 24 2 6.286092 116.4762
35 550 24 2 3.808153 116
45 550 24 2 3.681544 116
55 550 24 2 6.251473 116
65 550 24 2 7.202355 117
75 550 24 2 7.15901 116.5179
35 650 24 2 3.468059 116
45 650 24 2 4.142531 116
55 650 24 2 6.029044 116
65 650 24 2 6.997638 117
75 650 24 2 8.068964 116.4921
35 750 24 2 4.571345 116
45 750 24 2 5.198708 116
55 750 24 2 6.573252 116
65 750 24 2 7.184796 117
75 750 24 2 8.095611 116.5172
35 850 24 2 5.586235 116
45 850 24 2 6.106883 116
55 850 24 2 6.86353 116
65 850 24 2 7.442116 117
75 850 24 2 8.085718 116.4468
35 950 24 2 5.576259 116
45 950 24 2 6.159315 116
55 950 24 2 7.025569 116
65 950 24 2 7.489738 117
75 950 24 2 7.912636 116.6042
25 350 21 3 -1.298862 216
35 350 21 3 -1.57098 215.2836
45 350 21 3 -3.518408 215
55 350 21 3 -4.36448 215
65 350 21 3 -5.69193 215
25 450 21 3 -1.099294 216
35 450 21 3 -1.387195 215.3061
45 450 21 3 -4.084094 215
55 450 21 3 -5.033505 215
65 450 21 3 -7.749923 215
25 550 21 3 -1.007176 216
35 550 21 3 -1.389853 215.4583
45 550 21 3 -3.641752 215
55 550 21 3 -5.30404 215
65 550 21 3 -9.907239 215
25 650 21 3 -1.100015 216
35 650 21 3 -1.902187 215.2836
45 650 21 3 -2.983507 215
55 650 21 3 -4.402755 215
65 650 21 3 -8.37147 215
25 750 21 3 -1.095598 216
35 750 21 3 -2.590015 215.5333
45 750 21 3 -2.807307 215
55 750 21 3 -3.654859 215
65 750 21 3 -6.884879 215
35 850 21 3 -3.614098 215.4884
45 850 21 3 -3.067532 215
55 850 21 3 -3.114146 215
65 850 21 3 -7.014567 215
35 950 21 3 -3.862815 215.4865
45 950 21 3 -2.9793 215
55 950 21 3 -2.333211 215
25 350 22 3 -0.009275954 32
35 350 22 3 1.048776 32
45 350 22 3 1.413398 31
55 350 22 3 1.466734 31
65 350 22 3 1.722594 31
25 450 22 3 -0.1892203 32
35 450 22 3 1.81738 32
45 450 22 3 2.742278 31
55 450 22 3 2.012665 31
65 450 22 3 2.141687 31
25 550 22 3 1.013457 32
35 550 22 3 3.386587 32
45 550 22 3 3.477673 31
55 550 22 3 3.249663 31
65 550 22 3 3.984332 31
25 650 22 3 1.20471 32
35 650 22 3 3.84058 32
45 650 22 3 3.487253 31
55 650 22 3 4.093901 31
65 650 22 3 4.394592 31
15 750 22 3 1.400088 32
25 750 22 3 2.112928 32
35 750 22 3 4.30488 32
45 750 22 3 4.439104 31
55 750 22 3 4.891446 31
65 750 22 3 4.412184 31
15 850 22 3 2.767884 32
25 850 22 3 2.794122 32
35 850 22 3 4.570601 32
45 850 22 3 5.288152 31
55 850 22 3 5.93355 31
65 850 22 3 4.414305 31
15 950 22 3 2.930939 32
25 950 22 3 3.574501 32
35 950 22 3 4.532068 32
45 950 22 3 4.987133 31
55 950 22 3 7.032753 31
25 350 23 3 -2.818145 277
35 350 23 3 -2.855985 276
45 350 23 3 -2.599565 276
55 350 23 3 -2.35242 276
65 350 23 3 -3.77069 276
25 450 23 3 -3.241493 277
35 450 23 3 -3.469608 276
45 450 23 3 -2.617781 276
55 450 23 3 -3.106111 276
65 450 23 3 -4.175865 276
25 550 23 3 -3.420716 276.3438
35 550 23 3 -3.510949 276
45 550 23 3 -2.583119 276
55 550 23 3 -3.804363 276
25 650 23 3 -3.552648 276.45
35 650 23 3 -3.400317 276
45 650 23 3 -3.046847 276
55 650 23 3 -3.427012 276
25 750 23 3 -4.010941 276.4571
35 750 23 3 -3.434899 276
45 750 23 3 -3.217626 276
55 750 23 3 -2.972702 276
25 850 23 3 -4.370881 276.4138
35 850 23 3 -3.201524 276
45 850 23 3 -2.991938 276
55 850 23 3 -3.078291 276
25 950 23 3 -4.237879 276
35 950 23 3 -3.226063 276
45 950 23 3 -2.117295 276
55 950 23 3 -2.923276 276
25 350 24 3 2.823997 119
35 350 24 3 4.320209 118
45 350 24 3 2.97029 118
55 350 24 3 1.888912 118
65 350 24 3 1.968026 118
25 450 24 3 3.022269 118.7843
35 450 24 3 5.445086 118
45 450 24 3 2.946806 118
55 450 24 3 2.67787 118
65 450 24 3 2.811909 118
25 550 24 3 3.673151 118.75
35 550 24 3 5.890516 118
45 550 24 3 2.600939 118
55 550 24 3 3.00856 118
65 550 24 3 4.125129 118
25 650 24 3 3.874833 118.6809
35 650 24 3 6.448949 118
45 650 24 3 3.238503 118
55 650 24 3 3.562537 118
65 650 24 3 4.995149 118
25 750 24 3 4.835179 118.6667
35 750 24 3 6.644387 118
45 750 24 3 4.143624 118
55 750 24 3 5.688418 118
25 850 24 3 5.573285 118.6757
35 850 24 3 6.549357 118
45 850 24 3 5.190733 118
55 850 24 3 5.293506 118
15 950 24 3 6.023689 119
25 950 24 3 6.402399 118.7877
35 950 24 3 5.341897 118
45 950 24 3 5.466198 118
55 950 24 3 4.414509 118
-15 350 21 4 -0.8510022 219
-5 350 21 4 -0.8832632 218.6834
5 350 21 4 -0.8966884 218
15 350 21 4 -1.23458 218
-15 450 21 4 -0.9434122 219
-5 450 21 4 -0.9489912 218.6023
5 450 21 4 -1.054825 218
15 450 21 4 -1.006663 218
-15 550 21 4 -0.9779224 219
-5 550 21 4 -0.9149732 218.5915
5 550 21 4 -1.140951 218
15 550 21 4 -1.070418 218
-15 650 21 4 -1.021346 219
-5 650 21 4 -0.9015898 218.4068
5 650 21 4 -1.055806 218
15 650 21 4 -1.168699 218
-15 750 21 4 -1.174326 219
-5 750 21 4 -1.328497 218.525
5 750 21 4 -1.416717 218
15 750 21 4 -1.463431 218
-15 850 21 4 -1.154259 219
-5 850 21 4 -1.657035 218.4444
5 850 21 4 -1.750391 218
15 850 21 4 -2.201122 218
-15 950 21 4 -1.147539 219
-5 950 21 4 -1.637075 218.4255
5 950 21 4 -1.614972 218
15 950 21 4 -2.279627 218
-15 350 22 4 -1.055769 34
-5 350 22 4 -0.9678005 33.87179
5 350 22 4 -0.6103494 33
15 350 22 4 0.1087136 33
-15 450 22 4 -1.244002 34
-5 450 22 4 -1.10266 33.79167
5 450 22 4 -0.3508094 33
15 450 22 4 -0.4845704 33
-15 550 22 4 -1.310946 34
-5 550 22 4 -1.252343 33.81429
5 550 22 4 -0.4314287 33
15 550 22 4 -0.4533155 33
-15 650 22 4 -1.129715 34
-5 650 22 4 -1.400617 33.79661
5 650 22 4 -0.4334575 33
15 650 22 4 -0.08443593 33
-15 750 22 4 -1.110371 34
-5 750 22 4 -1.14895 33.78182
5 750 22 4 -0.7191409 33
15 750 22 4 0.5731447 33
-15 850 22 4 -1.097784 34
-5 850 22 4 -0.7058909 33.76471
5 850 22 4 -0.3537978 33
15 850 22 4 1.24816 33
-15 950 22 4 -1.03964 34
-5 950 22 4 -0.5402729 33.94286
5 950 22 4 -0.3232529 33
15 950 22 4 1.776082 33
-15 350 23 4 -3.039702 279
-5 350 23 4 -3.077392 279
5 350 23 4 -3.123958 278.2759
15 350 23 4 -2.736091 278
-15 450 23 4 -2.954993 279
-5 450 23 4 -3.048725 279
5 450 23 4 -3.203283 278.5238
15 450 23 4 -3.185777 278
-15 550 23 4 -2.835124 279
-5 550 23 4 -3.045893 279
5 550 23 4 -3.4764 278.4717
15 550 23 4 -3.365379 278
-15 650 23 4 -2.980278 279
-5 650 23 4 -3.167634 279
5 650 23 4 -3.425798 278.5319
15 650 23 4 -3.396708 278
-15 750 23 4 -3.050185 279
-5 750 23 4 -3.352541 279
5 750 23 4 -3.201598 278.475
15 750 23 4 -3.904399 278
-15 850 23 4 -3.056745 279
-5 850 23 4 -2.975604 279
5 850 23 4 -3.056198 278.5
15 850 23 4 -4.361428 278
-15 950 23 4 -3.085519 279
-5 950 23 4 -2.424727 279
5 950 23 4 -2.934369 278.4301
15 950 23 4 -4.589488 278
-15 350 24 4 -0.8183784 121
-5 350 24 4 -0.9409752 121
5 350 24 4 -0.5659114 120
15 350 24 4 0.6818654 120
-15 450 24 4 -1.11988 121
-5 450 24 4 -0.9419573 120.9259
5 450 24 4 -0.7949355 120
15 450 24 4 0.8486866 120
-15 550 24 4 -1.25854 121
-5 550 24 4 -0.5933333 120.7049
5 550 24 4 -0.2969371 120
15 550 24 4 0.7104294 120
-15 650 24 4 -0.9997421 121
-5 650 24 4 -0.4531711 120.7037
5 650 24 4 0.4636976 120
15 650 24 4 1.22169 120
-15 750 24 4 -1.541192 121
-5 750 24 4 -0.2818648 120.7059
5 750 24 4 0.7510947 120
15 750 24 4 2.134031 120
-15 850 24 4 -2.973419 121
-5 850 24 4 -0.3163711 120.7073
5 850 24 4 1.590777 120
15 850 24 4 2.887231 120
-15 950 24 4 -3.433292 121
-5 950 24 4 -0.2985689 120.3785
5 950 24 4 1.774858 120
15 950 24 4 5.20039 120
-45 350 21 5 -1.999669 220.5319
-35 350 21 5 -1.414731 220
-15 350 21 5 -0.8631633 220
-45 450 21 5 -1.947334 220.75
-35 450 21 5 -2.04017 220
-15 450 21 5 -0.9102934 220
-45 550 21 5 -2.077747 220.7818
-35 550 21 5 -2.313953 220
-15 550 21 5 -0.9671054 220
-45 650 21 5 -2.339583 220.9035
-35 650 21 5 -2.510991 220
-25 650 21 5 -1.194169 220
-15 650 21 5 -1.088279 220
-45 750 21 5 -2.505119 221
-35 750 21 5 -2.6109 220
-25 750 21 5 -1.296121 220
-15 750 21 5 -1.27949 220
-45 850 21 5 -2.944548 221
-35 850 21 5 -2.818225 220
-25 850 21 5 -1.349044 220
-15 850 21 5 -1.324404 220
-45 950 21 5 -3.050012 221
-35 950 21 5 -2.950795 220
-25 950 21 5 -1.947973 220
-15 950 21 5 -1.768097 220
-55 350 22 5 -3.196149 36
-45 350 22 5 -2.437418 35.86585
-35 350 22 5 -2.02704 35
-25 350 22 5 -1.586728 35
-15 350 22 5 -1.163827 35
-55 450 22 5 -3.371156 36
-45 450 22 5 -2.449803 36
-35 450 22 5 -2.513514 35
-25 450 22 5 -1.85357 35
-15 450 22 5 -1.020978 35
-55 550 22 5 -3.512201 36
-45 550 22 5 -2.541686 36
-35 550 22 5 -2.864415 35
-25 550 22 5 -1.66162 35
-15 550 22 5 -0.9882748 35
-55 650 22 5 -4.187994 36
-45 650 22 5 -2.516657 36
-35 650 22 5 -2.830264 35
-25 650 22 5 -1.062055 35
-15 650 22 5 -0.9242459 35
-55 750 22 5 -4.341157 36
-45 750 22 5 -2.658169 36
-35 750 22 5 -2.685309 35
-25 750 22 5 -1.07785 35
-15 750 22 5 -1.122714 35
-55 850 22 5 -4.42832 36
-45 850 22 5 -2.90423 36
-35 850 22 5 -2.86295 35
-25 850 22 5 -1.467617 35
-15 850 22 5 -1.353483 35
-55 950 22 5 -4.422236 36
-45 950 22 5 -3.639248 36
-35 950 22 5 -3.305414 35
-25 950 22 5 -2.688522 35
-55 350 23 5 -2.34315 281
-45 350 23 5 -2.518384 280.8322
-35 350 23 5 -2.458771 280
-25 350 23 5 -2.648982 280
-15 350 23 5 -2.878982 280
-55 450 23 5 -2.201753 281
-45 450 23 5 -2.571192 280.8584
-35 450 23 5 -2.57299 280
-25 450 23 5 -2.596959 280
-15 450 23 5 -2.905717 280
-55 550 23 5 -2.263489 281
-45 550 23 5 -2.721276 280.9023
-35 550 23 5 -2.690773 280
-25 550 23 5 -2.589327 280
-15 550 23 5 -2.921597 280
-55 650 23 5 -2.461438 281
-45 650 23 5 -2.708631 280.8916
-35 650 23 5 -2.640275 280
-25 650 23 5 -2.522329 280
-15 650 23 5 -2.758448 280
-55 750 23 5 -2.61967 281
-45 750 23 5 -2.944667 281
-35 750 23 5 -2.527454 280
-25 750 23 5 -2.600286 280
-15 750 23 5 -2.828347 280
-55 850 23 5 -2.858747 281
-45 850 23 5 -3.085118 281
-35 850 23 5 -3.079795 280
-25 850 23 5 -3.066422 280
-15 850 23 5 -3.131906 280
-55 950 23 5 -3.338776 281
-45 950 23 5 -3.447414 281
-35 950 23 5 -3.398887 280
-25 950 23 5 -3.443207 280
-15 950 23 5 -3.243136 280
-45 350 24 5 -2.251969 123
-35 350 24 5 -1.630324 122.4231
-25 350 24 5 -1.430733 122
-15 350 24 5 -1.511646 122
-45 450 24 5 -2.112721 123
-35 450 24 5 -1.892665 122.6667
-25 450 24 5 -1.702783 122
-15 450 24 5 -1.575059 122
-45 550 24 5 -2.152315 123
-35 550 24 5 -2.156607 122.4615
-25 550 24 5 -1.910176 122
-15 550 24 5 -1.606629 122
-45 650 24 5 -2.558533 123
-35 650 24 5 -2.425052 122.3636
-25 650 24 5 -2.455161 122
-15 650 24 5 -1.813262 122
-45 750 24 5 -2.99623 123
-35 750 24 5 -2.681603 122.3611
-25 750 24 5 -3.180311 122
-15 750 24 5 -2.330624 122
-45 850 24 5 -3.207146 123
-35 850 24 5 -3.499937 122.3714
-25 850 24 5 -3.805172 122
-15 850 24 5 -3.435436 122
-45 950 24 5 -3.739753 123
-35 950 24 5 -3.760609 122.5278
-25 950 24 5 -3.948467 122
-15 950 24 5 -3.519101 122
-65 350 21 6 -2.518276 225
-55 350 21 6 -2.241835 224.7868
-45 350 21 6 -2.130942 224
-65 450 21 6 -2.707944 225
-55 450 21 6 -2.534437 224.875
-45 450 21 6 -2.438456 224
-65 550 21 6 -2.776689 225
-55 550 21 6 -2.659836 224.8427
-45 550 21 6 -2.561614 224
-65 650 21 6 -2.795425 225
-55 650 21 6 -2.691637 224.8642
-45 650 21 6 -2.690751 224
-65 750 21 6 -2.809851 225
-55 750 21 6 -2.77725 224.8571
-45 750 21 6 -2.77955 224
-65 850 21 6 -2.829374 225
-55 850 21 6 -2.822219 224.8451
-45 850 21 6 -2.873682 224
-65 950 21 6 -2.842718 225
-55 950 21 6 -2.831588 224.9554
-45 950 21 6 -3.117538 224
-65 350 22 6 -3.592529 40.60504
-55 350 22 6 -3.068293 40.18254
-45 350 22 6 -3.066593 40
-65 450 22 6 -4.025157 40.63107
-55 450 22 6 -3.63589 40.52439
-45 450 22 6 -3.089249 40
-65 550 22 6 -4.346966 40.65476
-55 550 22 6 -3.902384 40.52857
-45 550 22 6 -3.221862 40
-65 650 22 6 -4.534911 40.67143
-55 650 22 6 -4.04255 40.59375
-45 650 22 6 -3.518171 40
-65 750 22 6 -4.631775 40.66129
-55 750 22 6 -4.245514 40.54
-65 850 22 6 -4.707701 40.65
-55 850 22 6 -4.510052 40.48649
-65 950 22 6 -5.028205 40.56604
-55 950 22 6 -4.627404 40.53623
-65 350 23 6 -2.886069 283.5024
-55 350 23 6 -2.732226 283.3908
-45 350 23 6 -2.649524 283
-65 450 23 6 -3.056113 283.4872
-55 450 23 6 -2.874859 283.4609
-45 450 23 6 -2.74459 283
-65 550 23 6 -3.220356 283.4792
-55 550 23 6 -3.167567 283.6
-45 550 23 6 -2.918181 283
-65 650 23 6 -3.300921 283.425
-55 650 23 6 -3.29938 283.3158
-45 650 23 6 -3.041664 283
-65 750 23 6 -3.314017 283.4545
-55 750 23 6 -3.463466 283.3673
-45 750 23 6 -3.125305 283
-65 850 23 6 -3.286159 283.4865
-55 850 23 6 -3.43168 283.5747
-45 850 23 6 -2.906906 283
-65 950 23 6 -3.224873 283.4028
-55 950 23 6 -3.419022 283.3037
-45 950 23 6 -3.0006 283
-65 350 24 6 -3.014011 126
-55 350 24 6 -2.604283 125.4277
-45 350 24 6 -2.856869 125
-65 450 24 6 -3.394222 126
-55 450 24 6 -2.788748 125.4375
-45 450 24 6 -3.1723 125
-65 550 24 6 -3.526223 126
-55 550 24 6 -2.939883 125.5054
-45 550 24 6 -3.273804 125
-65 650 24 6 -3.637328 126
-55 650 24 6 -3.111401 125.6
-45 650 24 6 -3.536451 125
-65 750 24 6 -3.806215 126
-55 750 24 6 -3.473018 125.5921
-45 750 24 6 -3.793496 125
-65 850 24 6 -3.997194 126
-55 850 24 6 -3.849802 125.5714
-45 850 24 6 -3.883394 125
-65 950 24 6 -4.048899 126
-55 950 24 6 -4.003797 125.5111
-45 950 24 6 -3.092626 125
-55 350 21 7 -2.378938 227
-45 350 21 7 -2.318165 227
-35 350 21 7 -1.377641 227
-25 350 21 7 -1.447613 227
-15 350 21 7 -1.680243 227
-5 350 21 7 -1.625961 227
-55 450 21 7 -2.569042 227
-45 450 21 7 -2.317332 227
-35 450 21 7 -1.300318 227
-25 450 21 7 -1.269622 227
-15 450 21 7 -1.544691 227
-5 450 21 7 -1.456535 227
-55 550 21 7 -2.623949 227
-45 550 21 7 -2.584386 227
-35 550 21 7 -1.190766 227
-25 550 21 7 -1.456958 227
-15 550 21 7 -1.744133 227
-5 550 21 7 -1.473419 227
-55 650 21 7 -2.631986 227
-45 650 21 7 -2.734652 227
-35 650 21 7 -1.782228 227
-25 650 21 7 -1.733189 227
-15 650 21 7 -1.320647 227
-5 650 21 7 -1.450152 227
-55 750 21 7 -2.729697 227
-45 750 21 7 -2.848684 227
-35 750 21 7 -2.17746 227
-25 750 21 7 -1.871685 227
-15 750 21 7 -1.270575 227
-55 850 21 7 -2.76669 227
-45 850 21 7 -2.8711 227
-35 850 21 7 -2.580851 227
-25 850 21 7 -2.204713 227
-15 850 21 7 -1.400934 227
-55 950 21 7 -2.783066 227
-45 950 21 7 -2.889867 227
-35 950 21 7 -2.649117 227
-25 950 21 7 -2.189902 227
-15 950 21 7 -1.591667 227
-55 350 22 7 -2.559753 43
-45 350 22 7 -2.529345 43
-35 350 22 7 -1.471113 43
-25 350 22 7 -1.554422 43
-15 350 22 7 -1.926029 43
-5 350 22 7 -0.7526445 43
-55 450 22 7 -3.09256 43
-45 450 22 7 -2.75046 43
-35 450 22 7 -2.105097 43
-25 450 22 7 -2.104277 43
-15 450 22 7 -2.230147 43
-5 450 22 7 -0.9755678 43
-55 550 22 7 -3.474644 43
-45 550 22 7 -2.740053 43
-35 550 22 7 -2.116768 43
-25 550 22 7 -2.070041 43
-15 550 22 7 -2.146404 43
-5 550 22 7 0.9131763 43
-55 650 22 7 -3.80135 43
-45 650 22 7 -3.080797 43
-35 650 22 7 -2.48641 43
-25 650 22 7 -2.230505 43
-15 650 22 7 -2.190007 43
-5 650 22 7 1.38185 43
-55 750 22 7 -4.121808 43
-45 750 22 7 -3.587126 43
-35 750 22 7 -2.875716 43
-25 750 22 7 -2.47113 43
-15 750 22 7 -2.677961 43
-5 750 22 7 1.090225 43
-55 850 22 7 -3.749452 43
-45 850 22 7 -3.937687 43
-35 850 22 7 -3.225521 43
-15 850 22 7 -3.269445 43
-5 850 22 7 -1.607221 43
-55 950 22 7 -3.509855 43
-45 950 22 7 -4.334588 43
-35 950 22 7 -3.411992 43
-15 950 22 7 -3.285197 43
-5 950 22 7 -2.669476 43
-65 350 23 7 -3.081864 286
-55 350 23 7 -2.948354 286
-65 450 23 7 -3.270772 286
-55 450 23 7 -3.244291 286
-65 550 23 7 -3.317456 286
-55 550 23 7 -3.285059 286
-65 650 23 7 -3.360345 286
-55 650 23 7 -3.297638 286
-65 750 23 7 -3.379216 286
-55 750 23 7 -3.290906 286
-65 850 23 7 -3.34292 286
-55 850 23 7 -3.354543 286
-65 950 23 7 -3.336702 286
-55 950 23 7 -3.119479 286
-65 350 24 7 -3.051758 128
-55 350 24 7 -2.485863 128
-65 450 24 7 -3.503143 128
-55 450 24 7 -2.964681 128
-65 550 24 7 -3.678013 128
-55 550 24 7 -3.218188 128
-65 650 24 7 -3.772116 128
-55 650 24 7 -3.584 128
-65 750 24 7 -3.986467 128
-55 750 24 7 -3.844674 128
-65 850 24 7 -4.131875 128
-55 850 24 7 -4.021274 128
-65 950 24 7 -4.199813 128
-55 950 24 7 -3.940594 128
-5 350 21 8 -1.713808 229
5 350 21 8 -2.680003 229
15 350 21 8 -2.484187 229
25 350 21 8 -2.463922 229
35 350 21 8 -2.331298 229
-5 450 21 8 -1.423178 229
5 450 21 8 -2.787072 229
15 450 21 8 -2.906607 229
25 450 21 8 -2.271509 229
35 450 21 8 -2.366183 229
-5 550 21 8 -1.545992 229
5 550 21 8 -2.345608 229
15 550 21 8 -3.008006 229
25 550 21 8 -2.48976 229
35 550 21 8 -2.578898 229
-5 650 21 8 -1.087328 229
5 650 21 8 -1.558272 229
15 650 21 8 -3.279076 229
25 650 21 8 -3.472444 229
35 650 21 8 -3.250329 229
-5 750 21 8 0.8932395 229
5 750 21 8 -1.254683 229
15 750 21 8 -3.127854 229
25 750 21 8 -4.321925 229
35 750 21 8 -3.685756 229
-5 850 21 8 -0.3336824 229
5 850 21 8 -0.9117273 229
15 850 21 8 -3.001751 229
25 850 21 8 -4.575545 229
35 850 21 8 -3.619994 229
-5 950 21 8 -2.056546 229
5 950 21 8 -0.569336 229
15 950 21 8 -4.260417 229
25 950 21 8 -6.692782 229
35 950 21 8 -4.992877 229
-5 350 22 8 -0.5574833 45
5 350 22 8 0.2993498 45
15 350 22 8 0.1335576 45
25 350 22 8 -0.07089971 45
35 350 22 8 0.0968537 45
-5 450 22 8 0.6694501 45
5 450 22 8 -0.287534 45
15 450 22 8 -0.09548287 45
25 450 22 8 0.1668753 45
35 450 22 8 -0.05593448 45
-5 550 22 8 0.7846518 45
5 550 22 8 -0.07922026 45
15 550 22 8 -0.033305 45
25 550 22 8 0.3975672 45
35 550 22 8 -0.1811507 45
-5 650 22 8 1.278245 45
5 650 22 8 1.657523 45
15 650 22 8 -0.2551973 45
25 650 22 8 0.7237625 45
35 650 22 8 0.1538598 45
-5 750 22 8 0.02269117 45
5 750 22 8 2.122492 45
15 750 22 8 0.005208993 45
25 750 22 8 0.8432567 45
35 750 22 8 1.481189 45
-5 850 22 8 -1.45892 45
5 850 22 8 1.8781 45
15 850 22 8 0.2128709 45
25 850 22 8 1.750721 45
35 850 22 8 3.309272 45
-5 950 22 8 -2.120618 45
5 950 22 8 2.26028 45
15 950 22 8 1.868488 45
25 950 22 8 3.127628 45
35 950 22 8 4.096613 45
-55 350 23 8 -2.977663 289
-45 350 23 8 -2.698907 289
-35 350 23 8 -2.947332 289
-25 350 23 8 -2.925505 289
-15 350 23 8 -2.497419 289
-5 350 23 8 -3.267599 289
-55 450 23 8 -3.172757 289
-45 450 23 8 -2.694877 289
-35 450 23 8 -2.69931 289
-25 450 23 8 -2.742874 289
-15 450 23 8 -2.125129 289
-5 450 23 8 -0.3191565 289
-45 550 23 8 -2.607498 289
-35 550 23 8 -2.608162 289
-25 550 23 8 -2.60733 289
-15 550 23 8 -2.446643 289
-5 550 23 8 0.3223972 289
-45 650 23 8 -2.927914 289
-35 650 23 8 -2.738133 289
-25 650 23 8 -2.298221 289
-15 650 23 8 -2.283932 289
-5 650 23 8 1.717319 289
-45 750 23 8 -2.832356 289
-35 750 23 8 -2.996402 289
-25 750 23 8 -2.171705 289
-15 750 23 8 -1.881223 289
-5 750 23 8 1.531359 289
-45 850 23 8 -2.992517 289
-35 850 23 8 -3.261996 289
-25 850 23 8 -3.031075 289
-15 850 23 8 -3.257312 289
-5 850 23 8 -0.2616386 289
-45 950 23 8 -3.655579 289
-35 950 23 8 -3.526665 289
-25 950 23 8 -3.428402 289
-15 950 23 8 -3.382344 289
-5 950 23 8 -1.811922 289
-55 350 24 8 -3.162804 131
-45 350 24 8 -2.706025 131
-35 350 24 8 -1.83359 131
-25 350 24 8 -0.8654118 131
-15 350 24 8 -0.6295902 131
-5 350 24 8 -0.3769933 131
-55 450 24 8 -3.484102 131
-45 450 24 8 -2.969512 131
-35 450 24 8 -2.307979 131
-25 450 24 8 -1.2433 131
-15 450 24 8 -1.059482 131
-5 450 24 8 -0.6161672 131
-55 550 24 8 -3.372759 131
-45 550 24 8 -3.260379 131
-35 550 24 8 -2.875089 131
-25 550 24 8 -1.632409 131
-15 550 24 8 -1.407115 131
-5 550 24 8 -1.492087 131
-55 650 24 8 -3.488203 131
-45 650 24 8 -3.489632 131
-35 650 24 8 -3.51426 131
-25 650 24 8 -2.124811 131
-15 650 24 8 -1.791116 131
-5 650 24 8 -1.623791 131
-55 750 24 8 -3.818439 131
-45 750 24 8 -3.784738 131
-35 750 24 8 -3.781495 131
-25 750 24 8 -3.029611 131
-15 750 24 8 -2.520873 131
-5 750 24 8 -1.948067 131
-55 850 24 8 -4.001498 131
-45 850 24 8 -3.829857 131
-35 850 24 8 -3.583999 131
-25 850 24 8 -3.501752 131
-15 850 24 8 -3.076712 131
-55 950 24 8 -4.136823 131
-45 950 24 8 -3.808721 131
-35 950 24 8 -3.147615 131
-25 950 24 8 -3.500472 131
-15 950 24 8 -3.178403 131
45 350 21 9 -2.252315 232
55 350 21 9 -5.68417 232
65 350 21 9 -6.334004 232
75 350 21 9 -7.394524 232
35 450 21 9 -2.512589 232
45 450 21 9 -2.860213 232
55 450 21 9 -5.341781 232
65 450 21 9 -7.768311 232
75 450 21 9 -8.463345 232
35 550 21 9 -2.921017 232
45 550 21 9 -3.839735 232
65 550 21 9 -9.46168 232
75 550 21 9 -10.34143 232
35 650 21 9 -3.330892 232
45 650 21 9 -4.757918 232
65 650 21 9 -11.77357 232
75 650 21 9 -12.26022 232
45 750 21 9 -4.875055 232
65 750 21 9 -10.86829 232
75 750 21 9 -11.28661 232
45 850 21 9 -6.333546 232
65 850 21 9 -12.11365 232
75 850 21 9 -10.2372 232
45 950 21 9 -8.891783 232
75 950 21 9 -10.41798 232
35 350 22 9 0.02652569 48
45 350 22 9 0.05113411 48
55 350 22 9 1.399438 48
65 350 22 9 2.619532 48
75 350 22 9 2.084131 48
35 450 22 9 -0.02768607 48
45 450 22 9 -0.03858084 48
55 450 22 9 1.636984 48
65 450 22 9 4.045109 48
75 450 22 9 3.764909 48
35 550 22 9 0.07471968 48
45 550 22 9 -0.0682281 48
55 550 22 9 1.864582 48
65 550 22 9 4.166268 48
75 550 22 9 4.040242 48
35 650 22 9 0.7204623 48
45 650 22 9 0.8642604 48
55 650 22 9 1.475755 48
65 650 22 9 4.928111 48
75 650 22 9 4.127745 48
35 750 22 9 2.412959 48
45 750 22 9 1.1019 48
55 750 22 9 1.532383 48
65 750 22 9 5.162391 48
75 750 22 9 4.398414 48
35 850 22 9 3.418927 48
45 850 22 9 2.784263 48
55 850 22 9 2.48681 48
65 850 22 9 5.325517 48
75 850 22 9 4.926089 48
35 950 22 9 3.666843 48
45 950 22 9 3.771699 48
55 950 22 9 3.724261 48
65 950 22 9 6.111443 48
75 950 22 9 4.655286 48
-5 350 23 9 -3.627568 291
5 350 23 9 -4.02281 291
15 350 23 9 -3.749053 291
-5 450 23 9 -3.055833 291
5 450 23 9 -4.375151 291
15 450 23 9 -3.487029 291
-5 550 23 9 -1.016285 291
5 550 23 9 -3.848479 291
15 550 23 9 -3.492379 291
-5 650 23 9 0.4789344 291
5 650 23 9 -3.363742 291
15 650 23 9 -3.706593 291
-5 750 23 9 0.4466076 291
5 750 23 9 -5.437607 291
15 750 23 9 -4.13262 291
-5 850 23 9 -2.726288 291
5 850 23 9 -4.857094 291
15 850 23 9 -3.098235 291
-5 950 23 9 -2.238169 291
5 950 23 9 -3.554142 291
15 950 23 9 -2.862852 291
-5 350 24 9 -0.3172416 133
5 350 24 9 -0.1856932 133
15 350 24 9 0.03660098 133
25 350 24 9 1.428332 133
35 350 24 9 1.605677 133
-5 450 24 9 -0.7111945 133
5 450 24 9 -0.2827814 133
15 450 24 9 0.8754495 133
25 450 24 9 1.572126 133
35 450 24 9 2.04448 133
-5 550 24 9 -0.8077358 133
5 550 24 9 -0.4609468 133
15 550 24 9 1.061315 133
25 550 24 9 0.6552271 133
35 550 24 9 2.174531 133
-5 650 24 9 -1.481405 133
5 650 24 9 -0.1916926 133
15 650 24 9 1.993048 133
25 650 24 9 1.089593 133
35 650 24 9 2.991192 133
-5 750 24 9 -1.737438 133
5 750 24 9 0.2145762 133
15 750 24 9 3.401009 133
25 750 24 9 2.30274 133
35 750 24 9 3.910689 133
-5 850 24 9 -2.060705 133
5 850 24 9 0.4137258 133
15 850 24 9 2.947293 133
25 850 24 9 3.778564 133
-5 950 24 9 -2.243886 133
5 950 24 9 0.7834041 133
15 950 24 9 4.239077 133
25 950 24 9 4.510256 133
65 350 22 10 2.245446 49
75 350 22 10 1.650518 49
65 450 22 10 3.664951 49
75 450 22 10 3.384123 49
65 550 22 10 3.567365 49
75 550 22 10 4.465806 49
65 650 22 10 4.242718 49
75 650 22 10 5.424355 49
65 750 22 10 5.270503 49
75 750 22 10 6.455734 49
65 850 22 10 8.06976 49
75 850 22 10 6.513698 49
65 950 22 10 8.597264 49
75 950 22 10 6.383744 49
15 350 23 10 -3.76133 292
25 350 23 10 -4.076173 292
35 350 23 10 -2.864442 292
5 450 23 10 -3.711329 292
15 450 23 10 -3.67942 292
25 450 23 10 -3.256171 292
35 450 23 10 -2.775686 292
5 550 23 10 -4.081688 292
15 550 23 10 -3.634236 292
25 550 23 10 -2.46364 292
35 550 23 10 -2.740681 292
5 650 23 10 -5.424049 292
15 650 23 10 -3.455306 292
25 650 23 10 -2.438525 292
35 650 23 10 -2.652863 292
5 750 23 10 -6.578714 292
15 750 23 10 -2.988185 292
25 750 23 10 -2.355776 292
35 750 23 10 -2.773972 292
5 850 23 10 -5.73661 292
15 850 23 10 -2.732899 292
25 850 23 10 -2.497855 292
35 850 23 10 -2.506734 292
5 950 23 10 -2.833733 292
15 950 23 10 -3.031524 292
25 950 23 10 -2.718857 292
35 950 23 10 -2.367941 292
45 350 24 10 2.898667 136
55 350 24 10 2.785623 136
65 350 24 10 3.365369 136
35 450 24 10 3.402932 136
45 450 24 10 2.985974 136
55 450 24 10 2.948784 136
65 450 24 10 4.536367 136
35 550 24 10 3.342103 136
45 550 24 10 3.843761 136
55 550 24 10 3.381209 136
65 550 24 10 5.173636 136
35 650 24 10 3.282371 136
45 650 24 10 4.645965 136
55 650 24 10 3.972105 136
65 650 24 10 5.774962 136
35 750 24 10 3.582378 136
45 750 24 10 4.854066 136
55 750 24 10 4.609416 136
65 750 24 10 5.643984 136
35 850 24 10 3.590676 136
45 850 24 10 4.843384 136
55 850 24 10 4.418803 136
65 850 24 10 5.380204 136
45 950 24 10 4.592237 136
55 950 24 10 4.263191 136
65 950 24 10 5.815745 136
35 350 22 11 -0.05365445 51
45 350 22 11 2.473259 51
55 350 22 11 3.925683 51
65 350 22 11 4.33299 51
35 450 22 11 1.177143 51
45 450 22 11 3.041291 51
55 450 22 11 3.914607 51
65 450 22 11 4.056356 51
35 550 22 11 2.71318 51
45 550 22 11 3.942427 51
55 550 22 11 3.85819 51
65 550 22 11 3.803026 51
35 650 22 11 3.541466 51
45 650 22 11 4.284868 51
55 650 22 11 4.528804 51
65 650 22 11 3.876816 51
35 750 22 11 3.085951 51
45 750 22 11 4.496372 51
55 750 22 11 4.304343 51
65 750 22 11 4.217531 51
35 850 22 11 3.939911 51
45 850 22 11 4.638067 51
55 850 22 11 5.256917 51
65 850 22 11 5.760478 51
45 950 22 11 4.659012 51
55 950 22 11 6.01037 51
45 350 23 11 -2.759747 295
55 350 23 11 -2.876298 295
65 350 23 11 -2.360799 295
35 450 23 11 -2.668729 295
45 450 23 11 -2.502135 295
55 450 23 11 -2.60865 295
65 450 23 11 -2.324479 295
35 550 23 11 -2.54887 295
45 550 23 11 -2.45575 295
55 550 23 11 -2.023277 295
65 550 23 11 -1.160737 295
35 650 23 11 -2.426216 295
45 650 23 11 -2.394255 295
55 650 23 11 -1.297566 295
65 650 23 11 -1.067042 295
35 750 23 11 -2.272777 295
45 750 23 11 -1.692705 295
55 750 23 11 -1.592884 295
65 750 23 11 -0.9551384 295
35 850 23 11 -2.251262 295
45 850 23 11 -1.191675 295
55 850 23 11 -1.594788 295
65 850 23 11 -0.3976187 295
35 950 23 11 -2.359959 295
45 950 23 11 -1.256166 295
55 950 23 11 -1.659195 295
65 950 23 11 -0.05093631 295
45 350 24 11 3.350451 137
65 350 24 11 3.92844 137
45 450 24 11 3.151127 137
65 450 24 11 4.902111 137
45 550 24 11 3.368629 137
65 550 24 11 6.150205 137
45 650 24 11 3.976981 137
65 650 24 11 5.701306 137
45 750 24 11 4.774418 137
65 750 24 11 5.729972 137
45 850 24 11 5.945375 137
65 850 24 11 6.033821 137
45 950 24 11 5.877004 137
65 950 24 11 6.095411 137
45 350 23 12 -3.01576 297
55 350 23 12 -2.839135 297
65 350 23 12 -2.550141 297
75 350 23 12 -2.627729 297
45 450 23 12 -2.606908 297
55 450 23 12 -2.485908 297
65 450 23 12 -2.583736 297
75 450 23 12 -2.234767 297
45 550 23 12 -2.335019 297
55 550 23 12 -2.473429 297
65 550 23 12 -2.502664 297
75 550 23 12 -1.923496 297
45 650 23 12 -2.364219 297
55 650 23 12 -1.829535 297
65 650 23 12 -2.41542 297
75 650 23 12 -2.628404 297
45 750 23 12 -2.117704 297
55 750 23 12 1.403498 297
65 750 23 12 -2.730522 297
75 750 23 12 -2.78491 297
55 850 23 12 5.380719 297
65 850 23 12 -2.314235 297
75 850 23 12 -2.588817 297
55 950 23 12 9.999271 297
65 950 23 12 -1.647135 297
75 950 23 12 -2.42467 297
45 350 24 12 3.175071 138
55 350 24 12 3.308347 138
65 350 24 12 4.526408 138.1633
75 350 24 12 3.424313 138
45 450 24 12 3.559899 138
65 450 24 12 5.703204 138.1897
75 450 24 12 4.468243 138
45 550 24 12 3.645799 138
65 550 24 12 5.934875 138.1719
75 550 24 12 4.92228 138
45 650 24 12 3.591149 138
65 650 24 12 6.40792 138.5147
75 650 24 12 5.366468 138
45 750 24 12 3.51733 138
65 750 24 12 6.590125 138.325
75 750 24 12 5.717161 138
65 850 24 12 6.790714 138.4444
75 850 24 12 6.521188 138
65 950 24 12 7.291104 138.1932
75 950 24 12 7.200515 138
35 350 23 13 -2.737222 299.5392
45 350 23 13 -2.578324 299
55 350 23 13 -2.703995 299
65 350 23 13 -2.526952 299
35 450 23 13 -2.469295 299.1087
45 450 23 13 -2.184412 299
55 450 23 13 -2.634569 299
65 450 23 13 -2.313024 299
35 550 23 13 -2.560652 299
45 550 23 13 -2.332081 299
55 550 23 13 -2.495614 299
65 550 23 13 -2.412731 299
35 650 23 13 -2.632981 299
45 650 23 13 -2.495831 299
55 650 23 13 -2.275655 299
65 650 23 13 -2.337649 299
35 750 23 13 -2.6226 299
45 750 23 13 -2.787811 299
55 750 23 13 -2.283395 299
65 750 23 13 -1.621129 299
35 850 23 13 -2.661304 299
45 850 23 13 -2.859034 299
55 850 23 13 -2.055919 299
65 850 23 13 -1.234908 299
35 950 23 13 -1.806605 299
45 950 23 13 -3.162796 299
55 950 23 13 -1.413836 299
35 350 24 13 3.586184 140
45 350 24 13 2.875548 140
55 350 24 13 3.447731 140
65 350 24 13 3.929567 140
35 450 24 13 4.253375 140
45 450 24 13 3.343575 140
55 450 24 13 5.315146 140
65 450 24 13 5.338792 140
35 550 24 13 4.403912 140
45 550 24 13 3.849367 140
55 550 24 13 6.262988 140
65 550 24 13 6.385748 140
35 650 24 13 4.145285 140
45 650 24 13 4.520945 140
55 650 24 13 6.882843 140
65 650 24 13 6.097282 140
35 750 24 13 3.676488 140
45 750 24 13 5.149589 140
55 750 24 13 6.813212 140
65 750 24 13 5.829325 140
35 850 24 13 3.08292 140
45 850 24 13 5.940834 140
55 850 24 13 6.287109 140
35 950 24 13 2.513744 140
45 950 24 13 5.799361 140
55 950 24 13 5.671705 140
