-65 -55 -45 -35 -25 -15 -5 5 15 25 35 45 55 65 75
350 450 550 650 750 850 950
-3.332916 -3.591037 -3.757972 -3.853009 -3.962783 -4.034146 -4.157621
-3.020442 -3.317754 -3.500205 -3.665566 -3.798201 -3.966959 -4.082458
-2.867851 -3.002352 -3.152427 -3.298068 -3.446823 -3.634426 -3.822668
-2.461995 -2.665171 -2.88924 -3.174993 -3.436876 -3.670773 -3.915469
-2.261935 -2.596263 -2.548082 -2.478203 -2.519079 -2.621246 -3.006974
-1.862498 -2.083972 -2.088535 -1.84275 -1.947182 -2.295892 -2.543369
-1.696711 -1.359163 -0.7258685 0.1594137 0.2824758 -0.9338196 -1.52853
-1.28853 -1.3277 -0.9456752 -0.3624076 -0.02081589 -0.1595526 -0.274741
-1.05428 -1.002345 -0.9033505 -0.6669523 -0.5218226 -0.2123527 0.2524689
-0.6466372 -0.5063121 -0.2937449 -0.0219948 0.09185724 0.3482648 0.6561479
-0.3266959 -0.1273514 0.09909252 0.1617265 0.4806493 0.4751088 0.5690139
0.02097006 0.2458739 0.4056937 0.5890362 0.8601247 0.9175662 1.229108
-0.06028847 0.3556632 0.8423983 1.271069 1.761538 2.402223 2.939747
-0.1149367 0.2537689 0.4580552 0.4456298 0.8459191 0.6930744 3.502037
-0.8836739 -0.3913125 -0.1741186 -0.07581238 0.05539798 0.04070325 0.581229
