-65 -55 -45 -35 -25 -15 -5 5 15 25 35 45 55 65 75
350 450 550 650 750 850 950
-3.485456 -3.681187 -3.794856 -3.880799 -3.94493 -4.001636 -4.154428
-3.237699 -3.417006 -3.499899 -3.621593 -3.727361 -3.851846 -3.921868
-2.993048 -3.024898 -3.089839 -3.188505 -3.38057 -3.494953 -3.570173
-2.661384 -2.8346 -2.938271 -3.010386 -3.1269 -3.338336 -3.583086
-2.287884 -2.449884 -2.576492 -2.54524 -2.639746 -2.754734 -2.972492
-1.821797 -2.02856 -2.053238 -2.068013 -2.177697 -2.285682 -2.4647
-1.700207 -1.585276 -1.400034 -1.046054 -0.8879003 -1.215934 -1.492934
-1.397718 -1.405476 -1.25434 -1.078348 -0.932062 -0.7630257 -0.6086568
-1.24326 -1.145736 -1.052741 -0.8810678 -0.5690031 -0.2592871 0.118665
-0.4831313 -0.3699297 -0.2565904 -0.1095659 -0.03277261 0.1857719 0.2473802
-0.09719648 0.1694393 0.3126766 0.3780922 0.6831246 0.7091291 0.7919051
0.2384202 0.3171542 0.4144486 0.5940757 0.8337763 1.083583 1.339177
-0.03099108 0.3588554 0.806778 1.020576 1.297013 1.545593 1.757352
-0.3345657 0.09134557 0.09273836 0.2349564 0.7917744 0.8403064 2.809783
-1.223261 -0.5470645 -0.3642893 -0.1434127 -0.1093842 -0.008418028 0.3162618
