lat prs camp flt x yday
5 350 21 1 -0.4949278 210
15 350 21 1 -0.6871148 210
25 350 21 1 0.475145 210
35 350 21 1 -0.4489915 210
5 450 21 1 -0.6110527 210
15 450 21 1 -0.73229 210
25 450 21 1 0.6028616 210
5 550 21 1 -0.5571029 210
15 550 21 1 -0.8540507 210
25 550 21 1 0.5841306 210
5 650 21 1 -0.2616538 210
15 650 21 1 -0.8200415 210
25 650 21 1 0.2845561 210
5 750 21 1 -0.23602 210
15 750 21 1 -0.6485607 210
5 850 21 1 -0.2014781 210
15 850 21 1 -0.569559 210
25 850 21 1 -0.3022216 210
5 950 21 1 -0.1645736 210
15 950 21 1 -0.8124443 210
25 950 21 1 -1.055439 210
5 350 22 1 -1.505682 25
15 350 22 1 -0.665752 25.64151
25 350 22 1 0.3627457 25.73333
35 350 22 1 0.9538625 25.14894
5 450 22 1 -1.237454 25
15 450 22 1 -0.9865375 25.5
25 450 22 1 -0.2659938 26
35 450 22 1 2.056708 26
5 550 22 1 -1.116978 25
15 550 22 1 -0.8282199 25.51852
25 550 22 1 0.2023277 26
35 550 22 1 2.803134 26
5 650 22 1 -0.8118687 25
15 650 22 1 -0.05823021 25.5
25 650 22 1 1.033544 26
35 650 22 1 3.43144 26
5 750 22 1 -0.7884938 25
15 750 22 1 0.8544287 25.71429
25 750 22 1 2.165029 26
35 750 22 1 4.347596 26
5 850 22 1 -0.6245007 25
15 850 22 1 1.960475 26
25 850 22 1 3.487145 26
35 850 22 1 5.758922 26
5 950 22 1 -0.717029 25
15 950 22 1 2.522305 26
25 950 22 1 4.237351 26
-5 350 23 1 -3.08824 270
5 350 23 1 -3.163055 270
15 350 23 1 -3.455822 270
25 350 23 1 -3.405514 270
35 350 23 1 -3.819613 270.2581
-5 450 23 1 -3.262922 270
5 450 23 1 -3.268464 270
15 450 23 1 -3.583722 270
25 450 23 1 -3.426139 270
35 450 23 1 -4.047417 270.4923
-5 550 23 1 -3.265507 270
5 550 23 1 -3.221822 270
15 550 23 1 -3.776167 270
25 550 23 1 -3.68588 270
35 550 23 1 -4.451718 270.4688
5 650 23 1 -3.258726 270
15 650 23 1 -3.926405 270
25 650 23 1 -3.980324 270
35 650 23 1 -4.426824 270.4324
5 750 23 1 -3.245976 270
15 750 23 1 -4.38495 270
25 750 23 1 -4.466522 270
35 750 23 1 -3.925258 270.6154
5 850 23 1 -2.667797 270
15 850 23 1 -5.074573 270
25 850 23 1 -5.356357 270
35 850 23 1 -3.635489 270.66
5 950 23 1 -1.977946 270
15 950 23 1 -5.492924 270
25 950 23 1 -5.657654 270
35 950 23 1 -2.200314 270.9
5 350 24 1 0.9915045 113
15 350 24 1 1.631771 113
25 350 24 1 1.901732 113
35 350 24 1 2.632908 113
5 450 24 1 0.8356122 113
15 450 24 1 1.855508 113
25 450 24 1 2.112105 113
35 450 24 1 3.157809 113
5 550 24 1 0.8150559 113
15 550 24 1 1.868212 113
25 550 24 1 2.378508 113
35 550 24 1 3.521011 113.3462
5 650 24 1 0.8835996 113
15 650 24 1 2.083608 113
25 650 24 1 2.337943 113
35 650 24 1 3.551985 113.4667
5 750 24 1 1.559584 113
15 750 24 1 2.684955 113
25 750 24 1 2.078733 113
5 850 24 1 1.568263 113
15 850 24 1 3.116904 113
25 850 24 1 2.100252 113
5 950 24 1 1.333848 113
15 950 24 1 3.596625 113
25 950 24 1 3.148802 113
35 350 21 2 -0.3360484 213
45 350 21 2 -0.9394525 213
65 350 21 2 -8.280822 213.1282
75 350 21 2 -9.093024 213
65 450 21 2 -6.878465 213.7614
75 450 21 2 -9.666796 213
65 550 21 2 -9.067434 213
75 550 21 2 -9.776685 213
65 650 21 2 -10.77562 213
75 650 21 2 -9.52339 213
75 750 21 2 -9.710683 213
75 850 21 2 -9.331933 213
75 950 21 2 -8.798126 213
35 350 22 2 0.5624768 28
45 350 22 2 2.0352 28
55 350 22 2 2.642602 28
65 350 22 2 2.478768 29
75 350 22 2 1.97317 29
35 450 22 2 0.8082927 28
45 450 22 2 2.626957 28
55 450 22 2 4.259003 28
65 450 22 2 3.683568 29
75 450 22 2 4.031038 29
35 550 22 2 1.240242 28
45 550 22 2 2.671443 28
55 550 22 2 4.970208 28
65 550 22 2 4.100696 29
75 550 22 2 4.619369 29
35 650 22 2 1.525741 28
45 650 22 2 2.81061 28
55 650 22 2 5.158385 28
65 650 22 2 4.326708 29
75 650 22 2 5.249964 29
35 750 22 2 1.805211 28
45 750 22 2 3.337536 28
55 750 22 2 5.221486 28
65 750 22 2 4.660806 29
75 750 22 2 5.346373 29
35 850 22 2 2.297289 28
45 850 22 2 3.795726 28
55 850 22 2 5.256198 28
65 850 22 2 5.108792 29
75 850 22 2 5.443018 29
35 950 22 2 4.103446 28
45 950 22 2 4.561319 28
55 950 22 2 5.299737 28
65 950 22 2 6.321319 29
75 950 22 2 6.486513 29
35 350 23 2 -3.811805 273
45 350 23 2 -3.624909 273
55 350 23 2 -4.262621 273
65 350 23 2 -4.057281 274
75 350 23 2 -4.034305 273.5581
35 450 23 2 -3.65772 273
45 450 23 2 -3.575234 273
55 450 23 2 -4.253392 273
65 450 23 2 -4.044897 274
75 450 23 2 -4.05037 273.5455
35 550 23 2 -3.547017 273
45 550 23 2 -3.665643 273
55 550 23 2 -4.292531 273
65 550 23 2 -4.055444 274
75 550 23 2 -3.993866 273.8421
35 650 23 2 -3.744391 273
45 650 23 2 -3.84192 273
55 650 23 2 -4.329692 273
65 650 23 2 -4.030173 274
75 650 23 2 -4.056797 274
35 750 23 2 -4.312884 273
45 750 23 2 -4.037736 273
55 750 23 2 -4.375548 273
65 750 23 2 -4.025205 274
75 750 23 2 -4.465689 274
35 850 23 2 -4.777019 273
45 850 23 2 -4.473235 273
55 850 23 2 -4.539848 273
75 850 23 2 -4.931586 274
35 950 23 2 -4.662015 273
45 950 23 2 -4.451403 273
55 950 23 2 -4.351505 273
75 950 23 2 -5.125653 274
35 350 24 2 3.779018 116
45 350 24 2 3.910226 116
55 350 24 2 4.595223 116
65 350 24 2 4.841268 117
75 350 24 2 4.668993 116.36
35 450 24 2 3.969487 116
45 450 24 2 4.236835 116
55 450 24 2 5.473088 116
65 450 24 2 6.087712 117
75 450 24 2 6.057168 116.4762
35 550 24 2 4.164968 116
45 550 24 2 4.387771 116
55 550 24 2 5.574779 116
65 550 24 2 6.7841 117
75 550 24 2 6.302167 116.5179
35 650 24 2 4.139788 116
45 650 24 2 4.645271 116
55 650 24 2 5.773831 116
65 650 24 2 6.996827 117
75 650 24 2 6.753504 116.4921
35 750 24 2 4.652815 116
45 750 24 2 5.13048 116
55 750 24 2 6.254643 116
65 750 24 2 7.068855 117
75 750 24 2 7.006287 116.5172
35 850 24 2 5.145125 116
45 850 24 2 5.463943 116
55 850 24 2 6.71147 116
65 850 24 2 7.121085 117
75 850 24 2 7.119089 116.4468
35 950 24 2 5.263186 116
45 950 24 2 5.457606 116
55 950 24 2 7.004332 116
65 950 24 2 7.064196 117
75 950 24 2 7.669163 116.6042
25 350 21 3 -1.458029 216
35 350 21 3 -1.484334 215.2836
45 350 21 3 -4.239604 215
55 350 21 3 -5.922371 215
65 350 21 3 -8.664806 215
25 450 21 3 -1.012721 216
35 450 21 3 -1.154762 215.3061
45 450 21 3 -4.462903 215
55 450 21 3 -5.217838 215
65 450 21 3 -10.61416 215
25 550 21 3 -1.120228 216
35 550 21 3 -1.463643 215.4583
45 550 21 3 -3.841376 215
55 550 21 3 -5.269751 215
65 550 21 3 -11.15868 215
25 650 21 3 -0.8034889 216
35 650 21 3 -1.960605 215.2836
45 650 21 3 -2.935858 215
55 650 21 3 -5.381855 215
65 650 21 3 -9.924932 215
25 750 21 3 -1.005917 216
35 750 21 3 -3.172893 215.5333
45 750 21 3 -2.670993 215
55 750 21 3 -5.356579 215
65 750 21 3 -9.086809 215
35 850 21 3 -3.868538 215.4884
45 850 21 3 -2.674348 215
55 850 21 3 -5.044881 215
65 850 21 3 -9.155038 215
35 950 21 3 -4.027918 215.4865
45 950 21 3 -2.361832 215
55 950 21 3 -4.216002 215
25 350 22 3 1.263589 32
35 350 22 3 2.108498 32
45 350 22 3 2.168217 31
55 350 22 3 2.257197 31
65 350 22 3 2.687441 31
25 450 22 3 0.7058477 32
35 450 22 3 2.303222 32
45 450 22 3 2.905316 31
55 450 22 3 2.930813 31
65 450 22 3 3.220794 31
25 550 22 3 1.328589 32
35 550 22 3 2.558183 32
45 550 22 3 3.335319 31
55 550 22 3 3.377794 31
65 550 22 3 4.285647 31
25 650 22 3 1.595743 32
35 650 22 3 3.039941 32
45 650 22 3 3.911211 31
55 650 22 3 4.048599 31
65 650 22 3 4.667946 31
15 750 22 3 1.718382 32
25 750 22 3 2.601081 32
35 750 22 3 4.088431 32
45 750 22 3 4.69904 31
55 750 22 3 5.072578 31
65 750 22 3 4.771998 31
15 850 22 3 2.709953 32
25 850 22 3 3.185513 32
35 850 22 3 4.773231 32
45 850 22 3 5.401916 31
55 850 22 3 6.034113 31
65 850 22 3 4.836691 31
15 950 22 3 3.16663 32
25 950 22 3 3.8327 32
35 950 22 3 4.849998 32
45 950 22 3 5.276482 31
55 950 22 3 6.951849 31
25 350 23 3 -3.74982 277
35 350 23 3 -3.628538 276
45 350 23 3 -3.568674 276
55 350 23 3 -3.442081 276
65 350 23 3 -4.093442 276
25 450 23 3 -3.614487 277
35 450 23 3 -3.683688 276
45 450 23 3 -3.822763 276
55 450 23 3 -3.624076 276
65 450 23 3 -4.107415 276
25 550 23 3 -3.822035 276.3438
35 550 23 3 -3.582467 276
45 550 23 3 -3.903068 276
55 550 23 3 -3.81193 276
25 650 23 3 -3.993688 276.45
35 650 23 3 -3.670311 276
45 650 23 3 -4.030541 276
55 650 23 3 -3.798545 276
25 750 23 3 -4.321941 276.4571
35 750 23 3 -3.699863 276
45 750 23 3 -3.98615 276
55 750 23 3 -3.505044 276
25 850 23 3 -4.504153 276.4138
35 850 23 3 -3.555616 276
45 850 23 3 -3.138642 276
55 850 23 3 -3.01347 276
25 950 23 3 -4.517306 276
35 950 23 3 -3.357165 276
45 950 23 3 -1.060508 276
55 950 23 3 -2.668062 276
25 350 24 3 3.034177 119
35 350 24 3 3.922669 118
45 350 24 3 3.372158 118
55 350 24 3 2.888124 118
65 350 24 3 2.955316 118
25 450 24 3 3.569579 118.7843
35 450 24 3 4.69784 118
45 450 24 3 3.225984 118
55 450 24 3 3.277395 118
65 450 24 3 3.488286 118
25 550 24 3 3.696756 118.75
35 550 24 3 5.058241 118
45 550 24 3 3.482463 118
55 550 24 3 3.674198 118
65 550 24 3 4.090248 118
25 650 24 3 4.187484 118.6809
35 650 24 3 5.275067 118
45 650 24 3 3.988449 118
55 650 24 3 4.266692 118
65 650 24 3 4.603318 118
25 750 24 3 4.38951 118.6667
35 750 24 3 5.389009 118
45 750 24 3 4.280472 118
55 750 24 3 5.065681 118
25 850 24 3 4.666329 118.6757
35 850 24 3 5.418277 118
45 850 24 3 5.105058 118
55 850 24 3 5.112317 118
15 950 24 3 3.936749 119
25 950 24 3 5.249061 118.7877
35 950 24 3 5.275473 118
45 950 24 3 5.19618 118
55 950 24 3 4.849957 118
-15 350 21 4 -0.6508759 219
-5 350 21 4 -0.5221547 218.6834
5 350 21 4 -0.4425755 218
15 350 21 4 -1.350919 218
-15 450 21 4 -0.8421122 219
-5 450 21 4 -0.79579 218.6023
5 450 21 4 -0.5818545 218
15 450 21 4 -0.6668107 218
-15 550 21 4 -0.8971038 219
-5 550 21 4 -0.831107 218.5915
5 550 21 4 -0.5232398 218
15 550 21 4 -0.6217425 218
-15 650 21 4 -0.9763485 219
-5 650 21 4 -0.8237695 218.4068
5 650 21 4 -0.4537432 218
15 650 21 4 -0.6243991 218
-15 750 21 4 -1.110429 219
-5 750 21 4 -0.8846647 218.525
5 750 21 4 -0.5517742 218
15 750 21 4 -0.8539221 218
-15 850 21 4 -1.197853 219
-5 850 21 4 -0.9568314 218.4444
5 850 21 4 -0.7097255 218
15 850 21 4 -1.61997 218
-15 950 21 4 -1.225169 219
-5 950 21 4 -0.8794969 218.4255
5 950 21 4 -0.6820517 218
15 950 21 4 -1.680439 218
-15 350 22 4 -1.559889 34
-5 350 22 4 -1.125331 33.87179
5 350 22 4 -0.3293356 33
15 350 22 4 -0.1092944 33
-15 450 22 4 -1.48734 34
-5 450 22 4 -1.345595 33.79167
5 450 22 4 -0.08246327 33
15 450 22 4 0.03022245 33
-15 550 22 4 -1.380746 34
-5 550 22 4 -1.401661 33.81429
5 550 22 4 0.05223495 33
15 550 22 4 0.2458428 33
-15 650 22 4 -1.296824 34
-5 650 22 4 -1.398079 33.79661
5 650 22 4 -0.1962113 33
15 650 22 4 0.423297 33
-15 750 22 4 -1.127889 34
-5 750 22 4 -1.285495 33.78182
5 750 22 4 -0.4685547 33
15 750 22 4 0.573478 33
-15 850 22 4 -0.9947283 34
-5 850 22 4 -0.736285 33.76471
5 850 22 4 -0.557857 33
15 850 22 4 1.04156 33
-15 950 22 4 -0.9494254 34
-5 950 22 4 -0.4527772 33.94286
5 950 22 4 -0.5095395 33
15 950 22 4 1.176132 33
-15 350 23 4 -2.413918 279
-5 350 23 4 -2.659405 279
5 350 23 4 -3.131517 278.2759
15 350 23 4 -3.393082 278
-15 450 23 4 -2.614182 279
-5 450 23 4 -2.815499 279
5 450 23 4 -3.308882 278.5238
15 450 23 4 -3.568344 278
-15 550 23 4 -2.655254 279
-5 550 23 4 -2.795996 279
5 550 23 4 -3.282596 278.4717
15 550 23 4 -3.740185 278
-15 650 23 4 -2.726391 279
-5 650 23 4 -2.763378 279
5 650 23 4 -3.304209 278.5319
15 650 23 4 -3.866317 278
-15 750 23 4 -2.823509 279
-5 750 23 4 -2.824237 279
5 750 23 4 -3.321448 278.475
15 750 23 4 -4.20656 278
-15 850 23 4 -2.946415 279
-5 850 23 4 -2.558716 279
5 850 23 4 -3.11861 278.5
15 850 23 4 -4.44324 278
-15 950 23 4 -2.878523 279
-5 950 23 4 -2.206492 279
5 950 23 4 -2.965164 278.4301
15 950 23 4 -4.501083 278
-15 350 24 4 -1.348833 121
-5 350 24 4 -1.706725 121
5 350 24 4 -0.6393003 120
15 350 24 4 1.39321 120
-15 450 24 4 -1.704043 121
-5 450 24 4 -1.670124 120.9259
5 450 24 4 -0.8885667 120
15 450 24 4 1.146237 120
-15 550 24 4 -1.781116 121
-5 550 24 4 -1.520476 120.7049
5 550 24 4 -0.3942982 120
15 550 24 4 0.5533063 120
-15 650 24 4 -1.875707 121
-5 650 24 4 -1.294851 120.7037
5 650 24 4 -0.4447703 120
15 650 24 4 0.7481271 120
-15 750 24 4 -2.024652 121
-5 750 24 4 -1.159881 120.7059
5 750 24 4 -0.01444281 120
15 750 24 4 1.13985 120
-15 850 24 4 -2.446998 121
-5 850 24 4 -0.9110907 120.7073
5 850 24 4 0.3213271 120
15 850 24 4 1.967847 120
-15 950 24 4 -2.704779 121
-5 950 24 4 -0.5179806 120.3785
5 950 24 4 0.5653354 120
15 950 24 4 3.332507 120
-45 350 21 5 -2.381437 220.5319
-35 350 21 5 -1.879836 220
-15 350 21 5 -0.6713081 220
-45 450 21 5 -2.321232 220.75
-35 450 21 5 -2.41788 220
-15 450 21 5 -0.7909068 220
-45 550 21 5 -2.411593 220.7818
-35 550 21 5 -2.645364 220
-15 550 21 5 -0.9441873 220
-45 650 21 5 -2.545423 220.9035
-35 650 21 5 -2.73205 220
-25 650 21 5 -1.156253 220
-15 650 21 5 -1.117793 220
-45 750 21 5 -2.592819 221
-35 750 21 5 -2.878287 220
-25 750 21 5 -1.23023 220
-15 750 21 5 -1.252994 220
-45 850 21 5 -2.880534 221
-35 850 21 5 -2.956391 220
-25 850 21 5 -1.270282 220
-15 850 21 5 -1.325075 220
-45 950 21 5 -2.929814 221
-35 950 21 5 -3.064308 220
-25 950 21 5 -1.460101 220
-15 950 21 5 -1.482897 220
-55 350 22 5 -3.837477 36
-45 350 22 5 -2.700743 35.86585
-35 350 22 5 -3.057647 35
-25 350 22 5 -2.447603 35
-15 350 22 5 -1.949718 35
-55 450 22 5 -4.05023 36
-45 450 22 5 -2.561675 36
-35 450 22 5 -3.319438 35
-25 450 22 5 -2.518904 35
-15 450 22 5 -1.891713 35
-55 550 22 5 -4.227741 36
-45 550 22 5 -2.562193 36
-35 550 22 5 -3.521264 35
-25 550 22 5 -2.377464 35
-15 550 22 5 -1.803838 35
-55 650 22 5 -4.888351 36
-45 650 22 5 -2.554989 36
-35 650 22 5 -3.489107 35
-25 650 22 5 -2.184092 35
-15 650 22 5 -1.701765 35
-55 750 22 5 -5.02928 36
-45 750 22 5 -3.447319 36
-35 750 22 5 -3.450159 35
-25 750 22 5 -2.032268 35
-15 750 22 5 -1.605822 35
-55 850 22 5 -5.106944 36
-45 850 22 5 -3.663997 36
-35 850 22 5 -3.693726 35
-25 850 22 5 -2.232691 35
-15 850 22 5 -1.533866 35
-55 950 22 5 -5.139524 36
-45 950 22 5 -3.446181 36
-35 950 22 5 -4.136197 35
-25 950 22 5 -2.774193 35
-55 350 23 5 -2.307488 281
-45 350 23 5 -2.572288 280.8322
-35 350 23 5 -2.494493 280
-25 350 23 5 -2.135334 280
-15 350 23 5 -2.151728 280
-55 450 23 5 -2.405878 281
-45 450 23 5 -2.704047 280.8584
-35 450 23 5 -2.654468 280
-25 450 23 5 -2.161308 280
-15 450 23 5 -2.28713 280
-55 550 23 5 -2.515532 281
-45 550 23 5 -2.907458 280.9023
-35 550 23 5 -2.838913 280
-25 550 23 5 -2.48467 280
-15 550 23 5 -2.548285 280
-55 650 23 5 -2.6084 281
-45 650 23 5 -2.963101 280.8916
-35 650 23 5 -2.841357 280
-25 650 23 5 -2.718236 280
-15 650 23 5 -2.730263 280
-55 750 23 5 -2.832932 281
-45 750 23 5 -3.122356 281
-35 750 23 5 -2.938169 280
-25 750 23 5 -2.809466 280
-15 750 23 5 -2.785268 280
-55 850 23 5 -3.190785 281
-45 850 23 5 -3.324598 281
-35 850 23 5 -3.222195 280
-25 850 23 5 -2.978625 280
-15 850 23 5 -2.975298 280
-55 950 23 5 -3.619669 281
-45 950 23 5 -4.137942 281
-35 950 23 5 -3.764154 280
-25 950 23 5 -3.155352 280
-15 950 23 5 -3.046377 280
-45 350 24 5 -3.123638 123
-35 350 24 5 -2.84388 122.4231
-25 350 24 5 -2.597395 122
-15 350 24 5 -2.425458 122
-45 450 24 5 -3.121383 123
-35 450 24 5 -2.930691 122.6667
-25 450 24 5 -2.873144 122
-15 450 24 5 -2.499607 122
-45 550 24 5 -3.097886 123
-35 550 24 5 -3.041374 122.4615
-25 550 24 5 -3.007276 122
-15 550 24 5 -2.666691 122
-45 650 24 5 -3.119337 123
-35 650 24 5 -3.1904 122.3636
-25 650 24 5 -3.303798 122
-15 650 24 5 -2.926957 122
-45 750 24 5 -3.278815 123
-35 750 24 5 -3.399406 122.3611
-25 750 24 5 -3.581041 122
-15 750 24 5 -3.291216 122
-45 850 24 5 -3.38154 123
-35 850 24 5 -3.7171 122.3714
-25 850 24 5 -3.7492 122
-15 850 24 5 -3.63279 122
-45 950 24 5 -3.531666 123
-35 950 24 5 -3.817256 122.5278
-25 950 24 5 -3.846538 122
-15 950 24 5 -3.682368 122
-65 350 21 6 -2.824612 225
-55 350 21 6 -2.704116 224.7868
-45 350 21 6 -2.647447 224
-65 450 21 6 -2.836228 225
-55 450 21 6 -2.741866 224.875
-45 450 21 6 -2.702885 224
-65 550 21 6 -2.831312 225
-55 550 21 6 -2.781329 224.8427
-45 550 21 6 -2.747752 224
-65 650 21 6 -2.826411 225
-55 650 21 6 -2.798382 224.8642
-45 650 21 6 -2.856161 224
-65 750 21 6 -2.814092 225
-55 750 21 6 -2.806328 224.8571
-45 750 21 6 -2.873827 224
-65 850 21 6 -2.771635 225
-55 850 21 6 -2.821358 224.8451
-45 850 21 6 -2.870166 224
-65 950 21 6 -2.471673 225
-55 950 21 6 -2.899848 224.9554
-45 950 21 6 -2.888162 224
-65 350 22 6 -4.218349 40.60504
-55 350 22 6 -3.873306 40.18254
-45 350 22 6 -3.666845 40
-65 450 22 6 -4.717221 40.63107
-55 450 22 6 -4.441205 40.52439
-45 450 22 6 -3.739159 40
-65 550 22 6 -4.973116 40.65476
-55 550 22 6 -4.596536 40.52857
-45 550 22 6 -3.791683 40
-65 650 22 6 -5.135995 40.67143
-55 650 22 6 -4.660668 40.59375
-45 650 22 6 -3.888596 40
-65 750 22 6 -5.283889 40.66129
-55 750 22 6 -4.89502 40.54
-65 850 22 6 -5.503686 40.65
-55 850 22 6 -5.259384 40.48649
-65 950 22 6 -6.232737 40.56604
-55 950 22 6 -5.462117 40.53623
-65 350 23 6 -3.062672 283.5024
-55 350 23 6 -2.958095 283.3908
-45 350 23 6 -2.965528 283
-65 450 23 6 -3.170937 283.4872
-55 450 23 6 -3.153244 283.4609
-45 450 23 6 -3.035131 283
-65 550 23 6 -3.281488 283.4792
-55 550 23 6 -3.27167 283.6
-45 550 23 6 -3.148265 283
-65 650 23 6 -3.365548 283.425
-55 650 23 6 -3.380055 283.3158
-45 650 23 6 -3.178049 283
-65 750 23 6 -3.383568 283.4545
-55 750 23 6 -3.41487 283.3673
-45 750 23 6 -3.234663 283
-65 850 23 6 -3.348587 283.4865
-55 850 23 6 -3.344463 283.5747
-45 850 23 6 -2.91537 283
-65 950 23 6 -3.280416 283.4028
-55 950 23 6 -3.391762 283.3037
-45 950 23 6 -2.388356 283
-65 350 24 6 -3.39879 126
-55 350 24 6 -3.386212 125.4277
-45 350 24 6 -3.456494 125
-65 450 24 6 -3.518531 126
-55 450 24 6 -3.490571 125.4375
-45 450 24 6 -3.572354 125
-65 550 24 6 -3.647022 126
-55 550 24 6 -3.5399 125.5054
-45 550 24 6 -3.661791 125
-65 650 24 6 -3.764164 126
-55 650 24 6 -3.573036 125.6
-45 650 24 6 -3.747918 125
-65 750 24 6 -3.86033 126
-55 750 24 6 -3.61255 125.5921
-45 750 24 6 -3.853656 125
-65 850 24 6 -3.934081 126
-55 850 24 6 -3.66556 125.5714
-45 850 24 6 -3.885566 125
-65 950 24 6 -4.00912 126
-55 950 24 6 -3.754185 125.5111
-45 950 24 6 -3.174966 125
-55 350 21 7 -2.708655 227
-45 350 21 7 -2.730343 227
-35 350 21 7 -1.795336 227
-25 350 21 7 -1.151197 227
-15 350 21 7 -2.058478 227
-5 350 21 7 -1.992805 227
-55 450 21 7 -2.806317 227
-45 450 21 7 -2.66225 227
-35 450 21 7 -1.974254 227
-25 450 21 7 -1.375606 227
-15 450 21 7 -1.319245 227
-5 450 21 7 -1.37376 227
-55 550 21 7 -2.799889 227
-45 550 21 7 -2.693813 227
-35 550 21 7 -2.025575 227
-25 550 21 7 -1.631926 227
-15 550 21 7 -0.970908 227
-5 550 21 7 -1.143937 227
-55 650 21 7 -2.820575 227
-45 650 21 7 -2.791365 227
-35 650 21 7 -2.042872 227
-25 650 21 7 -1.796794 227
-15 650 21 7 -0.8673718 227
-5 650 21 7 -1.327987 227
-55 750 21 7 -2.861993 227
-45 750 21 7 -2.869231 227
-35 750 21 7 -2.23449 227
-25 750 21 7 -2.0717 227
-15 750 21 7 -1.271075 227
-55 850 21 7 -2.84749 227
-45 850 21 7 -2.885284 227
-35 850 21 7 -2.638069 227
-25 850 21 7 -2.357354 227
-15 850 21 7 -1.073678 227
-55 950 21 7 -2.852423 227
-45 950 21 7 -2.913008 227
-35 950 21 7 -3.003622 227
-25 950 21 7 -2.222074 227
-15 950 21 7 -1.132249 227
-55 350 22 7 -3.37506 43
-45 350 22 7 -3.181498 43
-35 350 22 7 -3.09898 43
-25 350 22 7 -2.878408 43
-15 350 22 7 -2.061796 43
-5 350 22 7 -1.825032 43
-55 450 22 7 -3.744036 43
-45 450 22 7 -3.312813 43
-35 450 22 7 -3.179152 43
-25 450 22 7 -3.894552 43
-15 450 22 7 -3.737652 43
-5 450 22 7 -2.493494 43
-55 550 22 7 -4.000564 43
-45 550 22 7 -3.52791 43
-35 550 22 7 -3.10782 43
-25 550 22 7 -3.624995 43
-15 550 22 7 -3.44122 43
-5 550 22 7 -2.198924 43
-55 650 22 7 -4.209796 43
-45 650 22 7 -3.965352 43
-35 650 22 7 -3.210966 43
-25 650 22 7 -3.292386 43
-15 650 22 7 -3.070315 43
-5 650 22 7 -0.5482587 43
-55 750 22 7 -4.473978 43
-45 750 22 7 -4.32337 43
-35 750 22 7 -3.284126 43
-25 750 22 7 -3.177345 43
-15 750 22 7 -3.159868 43
-5 750 22 7 -0.5043118 43
-55 850 22 7 -4.590412 43
-45 850 22 7 -4.555537 43
-35 850 22 7 -3.286789 43
-15 850 22 7 -3.058234 43
-5 850 22 7 -1.659491 43
-55 950 22 7 -4.464855 43
-45 950 22 7 -4.945365 43
-35 950 22 7 -3.262983 43
-15 950 22 7 -2.971017 43
-5 950 22 7 -2.412926 43
-65 350 23 7 -3.187095 286
-55 350 23 7 -3.134595 286
-65 450 23 7 -3.282434 286
-55 450 23 7 -3.241784 286
-65 550 23 7 -3.339066 286
-55 550 23 7 -3.305455 286
-65 650 23 7 -3.362911 286
-55 650 23 7 -3.314071 286
-65 750 23 7 -3.342965 286
-55 750 23 7 -3.320644 286
-65 850 23 7 -3.314897 286
-55 850 23 7 -3.642107 286
-65 950 23 7 -3.307873 286
-55 950 23 7 -3.436966 286
-65 350 24 7 -3.651928 128
-55 350 24 7 -3.407404 128
-65 450 24 7 -3.768261 128
-55 450 24 7 -3.574984 128
-65 550 24 7 -3.784925 128
-55 550 24 7 -3.644181 128
-65 650 24 7 -3.848975 128
-55 650 24 7 -3.662345 128
-65 750 24 7 -3.945732 128
-55 750 24 7 -3.708113 128
-65 850 24 7 -3.987392 128
-55 850 24 7 -3.709345 128
-65 950 24 7 -4.018754 128
-55 950 24 7 -3.7434 128
-5 350 21 8 -1.931557 229
5 350 21 8 -3.019577 229
15 350 21 8 -3.495993 229
25 350 21 8 -3.443585 229
35 350 21 8 -2.725307 229
-5 450 21 8 -1.699702 229
5 450 21 8 -2.123875 229
15 450 21 8 -3.379029 229
25 450 21 8 -3.147337 229
35 450 21 8 -2.297816 229
-5 550 21 8 -1.260128 229
5 550 21 8 -1.867139 229
15 550 21 8 -3.183632 229
25 550 21 8 -3.34856 229
35 550 21 8 -2.262857 229
-5 650 21 8 -1.195035 229
5 650 21 8 -1.648385 229
15 650 21 8 -3.492284 229
25 650 21 8 -3.707965 229
35 650 21 8 -2.883847 229
-5 750 21 8 0.03256448 229
5 750 21 8 -1.307847 229
15 750 21 8 -3.436649 229
25 750 21 8 -3.856305 229
35 750 21 8 -3.412244 229
-5 850 21 8 -0.3679824 229
5 850 21 8 -0.7475829 229
15 850 21 8 -3.281887 229
25 850 21 8 -4.140109 229
35 850 21 8 -4.129238 229
-5 950 21 8 -1.40059 229
5 950 21 8 -0.6209506 229
15 950 21 8 -3.669696 229
25 950 21 8 -6.218813 229
35 950 21 8 -5.825922 229
-5 350 22 8 -1.729172 45
5 350 22 8 -0.9830383 45
15 350 22 8 -1.12521 45
25 350 22 8 0.504013 45
35 350 22 8 0.8471019 45
-5 450 22 8 -0.5075035 45
5 450 22 8 -0.5700177 45
15 450 22 8 -0.3756929 45
25 450 22 8 1.038456 45
35 450 22 8 0.7601103 45
-5 550 22 8 0.1127048 45
5 550 22 8 -0.1810623 45
15 550 22 8 0.2660586 45
25 550 22 8 1.294565 45
35 550 22 8 0.5947058 45
-5 650 22 8 0.6923695 45
5 650 22 8 0.4482487 45
15 650 22 8 0.4797152 45
25 650 22 8 1.517575 45
35 650 22 8 1.171052 45
-5 750 22 8 1.812519 45
5 750 22 8 1.087302 45
15 750 22 8 0.7853185 45
25 750 22 8 1.816674 45
35 750 22 8 2.370477 45
-5 850 22 8 0.04695659 45
5 850 22 8 1.474617 45
15 850 22 8 1.135619 45
25 850 22 8 2.402902 45
35 850 22 8 3.069772 45
-5 950 22 8 -1.373677 45
5 950 22 8 2.05231 45
15 950 22 8 2.329879 45
25 950 22 8 2.749044 45
35 950 22 8 2.946738 45
-55 350 23 8 -3.205725 289
-45 350 23 8 -2.823692 289
-35 350 23 8 -2.813829 289
-25 350 23 8 -2.440891 289
-15 350 23 8 -1.906985 289
-5 350 23 8 -2.522094 289
-55 450 23 8 -3.2459 289
-45 450 23 8 -2.927052 289
-35 450 23 8 -2.696695 289
-25 450 23 8 -2.382559 289
-15 450 23 8 -1.696499 289
-5 450 23 8 -0.989444 289
-45 550 23 8 -2.896996 289
-35 550 23 8 -2.746139 289
-25 550 23 8 -2.683578 289
-15 550 23 8 -2.211876 289
-5 550 23 8 -0.2786874 289
-45 650 23 8 -2.943683 289
-35 650 23 8 -2.910096 289
-25 650 23 8 -2.818621 289
-15 650 23 8 -2.250432 289
-5 650 23 8 -0.0457263 289
-45 750 23 8 -3.007248 289
-35 750 23 8 -3.040897 289
-25 750 23 8 -2.79613 289
-15 750 23 8 -2.387713 289
-5 750 23 8 -0.004741069 289
-45 850 23 8 -3.238623 289
-35 850 23 8 -3.279443 289
-25 850 23 8 -2.75427 289
-15 850 23 8 -2.880897 289
-5 850 23 8 -1.120067 289
-45 950 23 8 -3.910892 289
-35 950 23 8 -3.542942 289
-25 950 23 8 -2.903155 289
-15 950 23 8 -3.101124 289
-5 950 23 8 -1.830514 289
-55 350 24 8 -3.502153 131
-45 350 24 8 -3.400332 131
-35 350 24 8 -2.830179 131
-25 350 24 8 -2.47589 131
-15 350 24 8 -2.294249 131
-5 350 24 8 0.1360353 131
-55 450 24 8 -3.555697 131
-45 450 24 8 -3.341689 131
-35 450 24 8 -3.110394 131
-25 450 24 8 -2.097814 131
-15 450 24 8 -2.771111 131
-5 450 24 8 -0.5388938 131
-55 550 24 8 -3.581355 131
-45 550 24 8 -3.301828 131
-35 550 24 8 -3.220695 131
-25 550 24 8 -2.326327 131
-15 550 24 8 -2.711169 131
-5 550 24 8 -1.613637 131
-55 650 24 8 -3.604209 131
-45 650 24 8 -3.327783 131
-35 650 24 8 -3.322283 131
-25 650 24 8 -2.656268 131
-15 650 24 8 -2.832558 131
-5 650 24 8 -2.03208 131
-55 750 24 8 -3.683304 131
-45 750 24 8 -3.396108 131
-35 750 24 8 -3.523217 131
-25 750 24 8 -3.166543 131
-15 750 24 8 -3.05324 131
-5 750 24 8 -2.270607 131
-55 850 24 8 -3.781076 131
-45 850 24 8 -3.514949 131
-35 850 24 8 -3.695763 131
-25 850 24 8 -3.423502 131
-15 850 24 8 -3.225836 131
-55 950 24 8 -3.973052 131
-45 950 24 8 -3.543244 131
-35 950 24 8 -3.847769 131
-25 950 24 8 -3.477745 131
-15 950 24 8 -3.300099 131
45 350 21 9 -2.686435 232
55 350 21 9 -7.266812 232
65 350 21 9 -7.403601 232
75 350 21 9 -8.301727 232
35 450 21 9 -2.881047 232
45 450 21 9 -3.297006 232
55 450 21 9 -6.628881 232
65 450 21 9 -8.371734 232
75 450 21 9 -8.978758 232
35 550 21 9 -3.781822 232
45 550 21 9 -4.557767 232
65 550 21 9 -8.669068 232
75 550 21 9 -9.194178 232
35 650 21 9 -4.495292 232
45 650 21 9 -5.240243 232
65 650 21 9 -9.136991 232
75 650 21 9 -9.548736 232
45 750 21 9 -5.405255 232
65 750 21 9 -9.697516 232
75 750 21 9 -9.627809 232
45 850 21 9 -5.948794 232
65 850 21 9 -9.603825 232
75 850 21 9 -9.979928 232
45 950 21 9 -6.433696 232
75 950 21 9 -10.23294 232
35 350 22 9 1.103226 48
45 350 22 9 1.077084 48
55 350 22 9 1.832097 48
65 350 22 9 2.490745 48
75 350 22 9 1.91211 48
35 450 22 9 1.386422 48
45 450 22 9 1.103244 48
55 450 22 9 1.830569 48
65 450 22 9 3.57232 48
75 450 22 9 3.487437 48
35 550 22 9 1.895753 48
45 550 22 9 1.045093 48
55 550 22 9 1.924892 48
65 550 22 9 3.649192 48
75 550 22 9 3.510294 48
35 650 22 9 2.131367 48
45 650 22 9 1.239339 48
55 650 22 9 2.003674 48
65 650 22 9 4.270011 48
75 650 22 9 3.847896 48
35 750 22 9 2.309869 48
45 750 22 9 1.838891 48
55 750 22 9 2.196645 48
65 750 22 9 4.166205 48
75 750 22 9 4.084916 48
35 850 22 9 3.228207 48
45 850 22 9 2.910585 48
55 850 22 9 2.621764 48
65 850 22 9 4.360457 48
75 850 22 9 4.573538 48
35 950 22 9 3.929027 48
45 950 22 9 3.44636 48
55 950 22 9 3.477679 48
65 950 22 9 5.434815 48
75 950 22 9 5.094321 48
-5 350 23 9 -3.176169 291
5 350 23 9 -3.932875 291
15 350 23 9 -4.333134 291
-5 450 23 9 -2.81132 291
5 450 23 9 -3.981598 291
15 450 23 9 -4.601047 291
-5 550 23 9 -1.483581 291
5 550 23 9 -3.877719 291
15 550 23 9 -4.601627 291
-5 650 23 9 -0.7783015 291
5 650 23 9 -3.419948 291
15 650 23 9 -4.185231 291
-5 750 23 9 -0.92465 291
5 750 23 9 -4.011656 291
15 750 23 9 -4.14923 291
-5 850 23 9 -2.122457 291
5 850 23 9 -4.154772 291
15 850 23 9 -3.765795 291
-5 950 23 9 -2.275492 291
5 950 23 9 -4.639539 291
15 950 23 9 -3.004448 291
-5 350 24 9 -0.4860961 133
5 350 24 9 0.05972297 133
15 350 24 9 1.040854 133
25 350 24 9 2.308605 133
35 350 24 9 3.134632 133
-5 450 24 9 -0.6892514 133
5 450 24 9 0.2825316 133
15 450 24 9 1.512494 133
25 450 24 9 2.350532 133
35 450 24 9 3.390243 133
-5 550 24 9 -0.8660582 133
5 550 24 9 0.5201825 133
15 550 24 9 2.205057 133
25 550 24 9 2.000268 133
35 550 24 9 3.558339 133
-5 650 24 9 -1.684333 133
5 650 24 9 0.6671232 133
15 650 24 9 2.400383 133
25 650 24 9 2.043797 133
35 650 24 9 3.921308 133
-5 750 24 9 -2.015465 133
5 750 24 9 0.9271708 133
15 750 24 9 2.835132 133
25 750 24 9 2.827007 133
35 750 24 9 5.156224 133
-5 850 24 9 -1.984034 133
5 850 24 9 1.329944 133
15 850 24 9 3.334401 133
25 850 24 9 3.720676 133
-5 950 24 9 -1.903106 133
5 950 24 9 1.571561 133
15 950 24 9 3.727766 133
25 950 24 9 4.112789 133
65 350 22 10 2.319383 49
75 350 22 10 2.449771 49
65 450 22 10 3.727092 49
75 450 22 10 3.741739 49
65 550 22 10 4.154315 49
75 550 22 10 4.503868 49
65 650 22 10 4.833702 49
75 650 22 10 5.128968 49
65 750 22 10 5.690058 49
75 750 22 10 5.446751 49
65 850 22 10 8.265085 49
75 850 22 10 5.469689 49
65 950 22 10 8.793352 49
75 950 22 10 6.701011 49
15 350 23 10 -4.328785 292
25 350 23 10 -4.031766 292
35 350 23 10 -2.953032 292
5 450 23 10 -4.64889 292
15 450 23 10 -4.374329 292
25 450 23 10 -3.445545 292
35 450 23 10 -2.689384 292
5 550 23 10 -4.72254 292
15 550 23 10 -4.28914 292
25 550 23 10 -3.088226 292
35 550 23 10 -2.272348 292
5 650 23 10 -4.265171 292
15 650 23 10 -4.051439 292
25 650 23 10 -2.696074 292
35 650 23 10 -2.328877 292
5 750 23 10 -4.023709 292
15 750 23 10 -3.855496 292
25 750 23 10 -2.562543 292
35 750 23 10 -2.38206 292
5 850 23 10 -4.108162 292
15 850 23 10 -3.456366 292
25 850 23 10 -2.868395 292
35 850 23 10 -2.441703 292
5 950 23 10 -3.400406 292
15 950 23 10 -2.843148 292
25 950 23 10 -2.915952 292
35 950 23 10 -2.44147 292
45 350 24 10 4.824075 136
55 350 24 10 4.495922 136
65 350 24 10 3.8509 136
35 450 24 10 4.111266 136
45 450 24 10 4.484863 136
55 450 24 10 4.572584 136
65 450 24 10 4.582715 136
35 550 24 10 4.134188 136
45 550 24 10 4.271533 136
55 550 24 10 4.383393 136
65 550 24 10 4.880207 136
35 650 24 10 4.231045 136
45 650 24 10 4.307042 136
55 650 24 10 4.345571 136
65 650 24 10 5.036867 136
35 750 24 10 4.06087 136
45 750 24 10 4.365937 136
55 750 24 10 4.437566 136
65 750 24 10 5.189383 136
35 850 24 10 3.858942 136
45 850 24 10 4.352688 136
55 850 24 10 4.558816 136
65 850 24 10 5.173812 136
45 950 24 10 3.562014 136
55 950 24 10 4.281655 136
65 950 24 10 5.350464 136
35 350 22 11 1.137222 51
45 350 22 11 2.329774 51
55 350 22 11 2.875142 51
65 350 22 11 3.323269 51
35 450 22 11 2.218072 51
45 450 22 11 3.287883 51
55 450 22 11 3.661907 51
65 450 22 11 3.717561 51
35 550 22 11 2.799127 51
45 550 22 11 4.056693 51
55 550 22 11 4.038898 51
65 550 22 11 4.152005 51
35 650 22 11 3.470166 51
45 650 22 11 4.371186 51
55 650 22 11 4.543816 51
65 650 22 11 4.606766 51
35 750 22 11 3.701127 51
45 750 22 11 4.501617 51
55 750 22 11 5.039043 51
65 750 22 11 5.075719 51
35 850 22 11 3.787874 51
45 850 22 11 4.73969 51
55 850 22 11 5.300671 51
65 850 22 11 6.605548 51
45 950 22 11 4.848736 51
55 950 22 11 5.435202 51
45 350 23 11 -2.78624 295
55 350 23 11 -2.376772 295
65 350 23 11 -2.212305 295
35 450 23 11 -2.926039 295
45 450 23 11 -2.772688 295
55 450 23 11 -2.184975 295
65 450 23 11 -2.002681 295
35 550 23 11 -2.829403 295
45 550 23 11 -2.664628 295
55 550 23 11 -2.141414 295
65 550 23 11 -1.882997 295
35 650 23 11 -2.67194 295
45 650 23 11 -2.49628 295
55 650 23 11 -2.056176 295
65 650 23 11 -1.692801 295
35 750 23 11 -2.743817 295
45 750 23 11 -2.159934 295
55 750 23 11 -2.001331 295
65 750 23 11 -1.596242 295
35 850 23 11 -2.778932 295
45 850 23 11 -1.772266 295
55 850 23 11 -1.904617 295
65 850 23 11 -1.437606 295
35 950 23 11 -2.772903 295
45 950 23 11 -1.782035 295
55 950 23 11 -1.904744 295
65 950 23 11 -1.140934 295
45 350 24 11 3.470797 137
65 350 24 11 3.97464 137
45 450 24 11 3.887067 137
65 450 24 11 4.738749 137
45 550 24 11 4.126499 137
65 550 24 11 5.04398 137
45 650 24 11 4.302148 137
65 650 24 11 5.1644 137
45 750 24 11 4.691436 137
65 750 24 11 5.287784 137
45 850 24 11 5.510245 137
65 850 24 11 5.449311 137
45 950 24 11 5.905156 137
65 950 24 11 5.673824 137
45 350 23 12 -2.56872 297
55 350 23 12 -2.588321 297
65 350 23 12 -2.128425 297
75 350 23 12 -2.540684 297
45 450 23 12 -2.643397 297
55 450 23 12 -1.944588 297
65 450 23 12 -2.049401 297
75 450 23 12 -2.173143 297
45 550 23 12 -2.611296 297
55 550 23 12 -1.326607 297
65 550 23 12 -2.007833 297
75 550 23 12 -2.153134 297
45 650 23 12 -2.604789 297
55 650 23 12 -0.5909346 297
65 650 23 12 -2.106162 297
75 650 23 12 -2.197934 297
45 750 23 12 -2.527789 297
55 750 23 12 0.193452 297
65 750 23 12 -2.146858 297
75 750 23 12 -2.232327 297
55 850 23 12 0.5088906 297
65 850 23 12 -2.136039 297
75 850 23 12 -1.809768 297
55 950 23 12 0.448726 297
65 950 23 12 -2.269878 297
75 950 23 12 -2.41196 297
45 350 24 12 4.47417 138
55 350 24 12 4.370346 138
65 350 24 12 4.296593 138.1633
75 350 24 12 3.809129 138
45 450 24 12 4.273177 138
65 450 24 12 4.967366 138.1897
75 450 24 12 4.755711 138
45 550 24 12 4.610687 138
65 550 24 12 5.238204 138.1719
75 550 24 12 5.120068 138
45 650 24 12 5.023454 138
65 650 24 12 5.390926 138.5147
75 650 24 12 5.394696 138
45 750 24 12 4.80088 138
65 750 24 12 5.500233 138.325
75 750 24 12 5.603534 138
65 850 24 12 5.560921 138.4444
75 850 24 12 5.870544 138
65 950 24 12 6.602544 138.1932
75 950 24 12 6.151042 138
35 350 23 13 -3.158719 299.5392
45 350 23 13 -3.490798 299
55 350 23 13 -2.707302 299
65 350 23 13 -2.104737 299
35 450 23 13 -3.312232 299.1087
45 450 23 13 -3.417033 299
55 450 23 13 -2.659375 299
65 450 23 13 -1.941414 299
35 550 23 13 -3.227075 299
45 550 23 13 -3.224088 299
55 550 23 13 -2.307304 299
65 550 23 13 -1.901861 299
35 650 23 13 -3.183534 299
45 650 23 13 -2.996322 299
55 650 23 13 -2.137563 299
65 650 23 13 -1.91046 299
35 750 23 13 -3.089159 299
45 750 23 13 -2.727795 299
55 750 23 13 -2.348976 299
65 750 23 13 -1.847079 299
35 850 23 13 -2.611844 299
45 850 23 13 -2.138964 299
55 850 23 13 -1.823754 299
65 850 23 13 -1.800808 299
35 950 23 13 -1.86752 299
45 950 23 13 -1.712166 299
55 950 23 13 -1.494185 299
35 350 24 13 3.130675 140
45 350 24 13 3.387075 140
55 350 24 13 3.321526 140
65 350 24 13 3.72139 140
35 450 24 13 3.780853 140
45 450 24 13 3.617845 140
55 450 24 13 4.653246 140
65 450 24 13 4.699908 140
35 550 24 13 4.275639 140
45 550 24 13 3.845751 140
55 550 24 13 5.10858 140
65 550 24 13 5.138354 140
35 650 24 13 4.303187 140
45 650 24 13 4.12019 140
55 650 24 13 5.302696 140
65 650 24 13 5.297602 140
35 750 24 13 4.225755 140
45 750 24 13 4.469789 140
55 750 24 13 5.352533 140
65 750 24 13 5.34271 140
35 850 24 13 3.806341 140
45 850 24 13 4.867046 140
55 850 24 13 5.180577 140
35 950 24 13 4.179017 140
45 950 24 13 4.941259 140
55 950 24 13 5.016703 140
