-65 -55 -45 -35 -25 -15 -5 5 15 25 35 45 55 65 75
350 450 550 650 750 850 950
1.407735 1.929318 2.205196 2.369668 2.523945 2.799857 3.878265
1.015111 1.342627 1.530337 1.858874 2.058414 2.237942 2.189507
0.695574 0.6720225 0.657196 0.7248644 1.097891 1.22731 1.345
1.162237 0.9979781 0.9212371 0.9086619 0.801566 0.69444 0.5656285
1.121064 1.701172 1.130237 1.08728 0.8879661 0.9146618 1.188378
0.6203731 1.156478 1.022342 0.7286318 0.4732058 0.4219217 0.6550728
2.401165 1.616827 0.5984424 1.197863 1.468784 0.6127791 0.9548974
3.782441 4.161684 4.381165 4.220679 4.798283 4.929516 4.789276
5.452385 5.833416 5.945614 6.038898 6.710515 7.433142 8.169926
6.46922 6.548878 6.587536 6.807765 7.53838 8.611416 10.06571
6.991708 7.551833 7.889606 8.329525 8.954496 9.369536 9.535931
7.840693 8.362222 8.768126 9.12242 9.491139 10.07743 9.768088
9.088681 9.432742 8.998741 9.272154 9.658325 9.793066 9.861863
10.32882 11.66973 13.08024 13.7719 12.84014 14.07721 10.50575
10.70699 12.79437 13.36575 14.03725 14.53964 14.83513 15.9543
