-65 -55 -45 -35 -25 -15 -5 5 15 25 35 45 55 65 75
350 450 550 650 750 850 950
1.12956 1.236313 1.45352 1.699617 2.029885 2.271654 2.665351
1.093236 1.198098 1.306896 1.497901 1.762296 2.049373 2.004643
1.070224 1.018706 1.030791 1.02651 1.224007 1.128215 1.331282
1.441924 1.166518 0.9590138 0.8613358 0.5035567 0.139577 0.67822
1.591083 2.105211 1.706856 1.140297 1.356874 1.12292 0.854371
1.229651 1.735968 1.741309 0.8750575 1.161437 0.832703 1.185075
2.202679 1.433495 2.159251 2.85949 2.55242 0.9500988 0.9493883
3.645379 4.275494 4.831719 5.193024 6.097503 6.432696 6.220444
5.649556 6.163233 6.306144 6.374412 6.85265 7.800485 8.342711
6.121603 6.549372 6.543771 6.920068 7.587813 8.690701 10.59751
6.568011 7.065191 7.507811 8.416411 8.875993 9.23334 9.252091
7.263466 7.799896 8.334656 8.894777 9.544421 10.55777 10.19012
8.283261 8.682703 8.559411 8.710134 8.627466 8.742833 8.964432
9.00469 10.44366 11.48611 12.33552 12.80788 14.4995 11.7996
9.284692 10.98158 12.03638 13.53233 14.51118 15.21398 15.55818
