lat prs camp flt x yday
5 350 21 1 -0.5385851 210
15 350 21 1 -0.6250935 210
25 350 21 1 -0.2377812 210
35 350 21 1 -0.4927115 210
5 450 21 1 -0.5054333 210
15 450 21 1 -0.5784814 210
25 450 21 1 -0.1248646 210
5 550 21 1 -0.5339904 210
15 550 21 1 -0.5815382 210
25 550 21 1 0.1088724 210
5 650 21 1 -0.7125846 210
15 650 21 1 -0.5951781 210
25 650 21 1 0.03147605 210
5 750 21 1 -0.9271485 210
15 750 21 1 -0.5986562 210
5 850 21 1 -0.9101733 210
15 850 21 1 -0.5347752 210
25 850 21 1 -0.3784639 210
5 950 21 1 -0.7585185 210
15 950 21 1 -0.4961026 210
25 950 21 1 -0.5765184 210
5 350 22 1 -0.9831002 25
15 350 22 1 -0.3453011 25.64151
25 350 22 1 0.1782768 25.73333
35 350 22 1 0.183314 25.14894
5 450 22 1 -0.800068 25
15 450 22 1 -0.5119575 25.5
25 450 22 1 -0.1001131 26
35 450 22 1 1.78428 26
5 550 22 1 -0.7236346 25
15 550 22 1 -0.4333791 25.51852
25 550 22 1 0.5132689 26
35 550 22 1 2.46217 26
5 650 22 1 -0.5584458 25
15 650 22 1 -0.1544529 25.5
25 650 22 1 1.260132 26
35 650 22 1 3.167321 26
5 750 22 1 -0.4320193 25
15 750 22 1 0.499943 25.71429
25 750 22 1 2.235926 26
35 750 22 1 3.862242 26
5 850 22 1 -0.4031451 25
15 850 22 1 1.351935 26
25 850 22 1 3.660324 26
35 850 22 1 5.175012 26
5 950 22 1 -0.662792 25
15 950 22 1 1.821397 26
25 950 22 1 4.126575 26
-5 350 23 1 -3.56341 270
5 350 23 1 -3.389085 270
15 350 23 1 -3.24981 270
25 350 23 1 -3.256206 270
35 350 23 1 -3.306007 270.2581
-5 450 23 1 -3.640454 270
5 450 23 1 -3.314376 270
15 450 23 1 -3.256291 270
25 450 23 1 -3.217661 270
35 450 23 1 -3.380686 270.4923
-5 550 23 1 -3.662207 270
5 550 23 1 -3.37694 270
15 550 23 1 -3.3044 270
25 550 23 1 -3.211077 270
35 550 23 1 -3.815335 270.4688
5 650 23 1 -3.330165 270
15 650 23 1 -3.348624 270
25 650 23 1 -3.393957 270
35 650 23 1 -3.442402 270.4324
5 750 23 1 -3.29035 270
15 750 23 1 -3.527002 270
25 750 23 1 -3.809847 270
35 750 23 1 -3.135477 270.6154
5 850 23 1 -3.080619 270
15 850 23 1 -4.023152 270
25 850 23 1 -3.903062 270
35 850 23 1 -2.542145 270.66
5 950 23 1 -2.778473 270
15 950 23 1 -4.129095 270
25 950 23 1 -2.949176 270
35 950 23 1 -2.017164 270.9
5 350 24 1 1.565195 113
15 350 24 1 1.866935 113
25 350 24 1 2.112724 113
35 350 24 1 2.633159 113
5 450 24 1 1.174231 113
15 450 24 1 2.073138 113
25 450 24 1 2.550482 113
35 450 24 1 3.209525 113
5 550 24 1 0.8812713 113
15 550 24 1 2.059644 113
25 550 24 1 2.777888 113
35 550 24 1 4.438145 113.3462
5 650 24 1 0.7783368 113
15 650 24 1 2.117666 113
25 650 24 1 2.466353 113
35 650 24 1 4.682825 113.4667
5 750 24 1 1.220073 113
15 750 24 1 2.565691 113
25 750 24 1 2.237961 113
5 850 24 1 1.165909 113
15 850 24 1 2.956607 113
25 850 24 1 2.915056 113
5 950 24 1 0.3745534 113
15 950 24 1 4.113285 113
25 950 24 1 4.916569 113
35 350 21 2 -0.5209595 213
45 350 21 2 -0.9335358 213
65 350 21 2 -7.334999 213.1282
75 350 21 2 -6.895771 213
65 450 21 2 -6.324486 213.7614
75 450 21 2 -7.125859 213
65 550 21 2 -6.138104 213
75 550 21 2 -7.552616 213
65 650 21 2 -6.980953 213
75 650 21 2 -7.996716 213
75 750 21 2 -8.348959 213
75 850 21 2 -8.461918 213
75 950 21 2 -8.553571 213
35 350 22 2 0.3663044 28
45 350 22 2 1.134772 28
55 350 22 2 2.340931 28
65 350 22 2 2.50198 29
75 350 22 2 2.467505 29
35 450 22 2 0.4964339 28
45 450 22 2 2.040668 28
55 450 22 2 3.506906 28
65 450 22 2 3.778768 29
75 450 22 2 3.708786 29
35 550 22 2 0.8575573 28
45 550 22 2 2.647791 28
55 550 22 2 4.244914 28
65 550 22 2 4.368668 29
75 550 22 2 4.147434 29
35 650 22 2 1.458953 28
45 650 22 2 2.823543 28
55 650 22 2 4.572828 28
65 650 22 2 4.435865 29
75 650 22 2 4.635191 29
35 750 22 2 2.024119 28
45 750 22 2 3.171513 28
55 750 22 2 4.786231 28
65 750 22 2 4.874635 29
75 750 22 2 5.296998 29
35 850 22 2 2.415549 28
45 850 22 2 3.911108 28
55 850 22 2 4.853149 28
65 850 22 2 5.526247 29
75 850 22 2 5.551433 29
35 950 22 2 5.388016 28
45 950 22 2 4.007825 28
55 950 22 2 4.835552 28
65 950 22 2 8.767237 29
75 950 22 2 6.044462 29
35 350 23 2 -3.312995 273
45 350 23 2 -3.294512 273
55 350 23 2 -3.672427 273
65 350 23 2 -3.713996 274
75 350 23 2 -3.48056 273.5581
35 450 23 2 -3.217647 273
45 450 23 2 -3.259452 273
55 450 23 2 -3.679508 273
65 450 23 2 -3.73824 274
75 450 23 2 -3.427346 273.5455
35 550 23 2 -3.175447 273
45 550 23 2 -3.199909 273
55 550 23 2 -3.669517 273
65 550 23 2 -3.550759 274
75 550 23 2 -3.373453 273.8421
35 650 23 2 -3.31817 273
45 650 23 2 -3.223345 273
55 650 23 2 -3.774571 273
65 650 23 2 -3.339466 274
75 650 23 2 -3.429105 274
35 750 23 2 -3.781253 273
45 750 23 2 -3.526244 273
55 750 23 2 -3.994608 273
65 750 23 2 -3.304505 274
75 750 23 2 -3.700224 274
35 850 23 2 -4.70023 273
45 850 23 2 -4.264429 273
55 850 23 2 -4.400875 273
75 850 23 2 -4.0592 274
35 950 23 2 -4.868217 273
45 950 23 2 -4.471632 273
55 950 23 2 -5.021503 273
75 950 23 2 -3.832487 274
35 350 24 2 3.633599 116
45 350 24 2 3.985337 116
55 350 24 2 4.302801 116
65 350 24 2 5.156222 117
75 350 24 2 4.897733 116.36
35 450 24 2 4.08525 116
45 450 24 2 4.243539 116
55 450 24 2 5.278402 116
65 450 24 2 6.640499 117
75 450 24 2 6.163356 116.4762
35 550 24 2 4.350199 116
45 550 24 2 4.566552 116
55 550 24 2 5.932553 116
65 550 24 2 7.200844 117
75 550 24 2 6.654112 116.5179
35 650 24 2 4.392702 116
45 650 24 2 4.825151 116
55 650 24 2 6.278842 116
65 650 24 2 7.186438 117
75 650 24 2 7.148602 116.4921
35 750 24 2 4.674745 116
45 750 24 2 4.992447 116
55 750 24 2 6.590295 116
65 750 24 2 7.196491 117
75 750 24 2 7.282734 116.5172
35 850 24 2 5.087472 116
45 850 24 2 5.684963 116
55 850 24 2 7.107575 116
65 850 24 2 7.173377 117
75 850 24 2 7.228144 116.4468
35 950 24 2 4.309845 116
45 950 24 2 5.73241 116
55 950 24 2 7.185106 116
65 950 24 2 6.449719 117
75 950 24 2 7.937838 116.6042
25 350 21 3 -1.879557 216
35 350 21 3 -1.705744 215.2836
45 350 21 3 -5.638027 215
55 350 21 3 -7.66236 215
65 350 21 3 -7.613347 215
25 450 21 3 -1.278428 216
35 450 21 3 -1.307754 215.3061
45 450 21 3 -4.8567 215
55 450 21 3 -6.310181 215
65 450 21 3 -8.052277 215
25 550 21 3 -1.557895 216
35 550 21 3 -1.595568 215.4583
45 550 21 3 -4.478405 215
55 550 21 3 -5.043281 215
65 550 21 3 -7.268661 215
25 650 21 3 -1.306228 216
35 650 21 3 -2.635602 215.2836
45 650 21 3 -3.334189 215
55 650 21 3 -3.375791 215
65 650 21 3 -6.681395 215
25 750 21 3 -1.012886 216
35 750 21 3 -3.381386 215.5333
45 750 21 3 -2.720672 215
55 750 21 3 -2.619129 215
65 750 21 3 -6.459139 215
35 850 21 3 -4.003221 215.4884
45 850 21 3 -2.47508 215
55 850 21 3 -1.992407 215
65 850 21 3 -7.062838 215
35 950 21 3 -4.069953 215.4865
45 950 21 3 -2.288045 215
55 950 21 3 -1.952144 215
25 350 22 3 1.109992 32
35 350 22 3 1.542262 32
45 350 22 3 1.679812 31
55 350 22 3 2.183743 31
65 350 22 3 2.996208 31
25 450 22 3 0.8386383 32
35 450 22 3 2.184411 32
45 450 22 3 2.715781 31
55 450 22 3 2.960249 31
65 450 22 3 3.567171 31
25 550 22 3 1.20461 32
35 550 22 3 2.594725 32
45 550 22 3 3.374441 31
55 550 22 3 3.483274 31
65 550 22 3 4.963347 31
25 650 22 3 0.9385251 32
35 650 22 3 3.266178 32
45 650 22 3 3.929761 31
55 650 22 3 4.000622 31
65 650 22 3 5.129226 31
15 750 22 3 1.088615 32
25 750 22 3 1.862761 32
35 750 22 3 3.827642 32
45 750 22 3 4.370426 31
55 750 22 3 4.699176 31
65 750 22 3 5.189091 31
15 850 22 3 2.569215 32
25 850 22 3 3.003081 32
35 850 22 3 4.28392 32
45 850 22 3 5.223982 31
55 850 22 3 5.592386 31
65 850 22 3 5.332434 31
15 950 22 3 2.614109 32
25 950 22 3 3.532961 32
35 950 22 3 4.266925 32
45 950 22 3 5.202664 31
55 950 22 3 6.092315 31
25 350 23 3 -3.537836 277
35 350 23 3 -3.535746 276
45 350 23 3 -2.897849 276
55 350 23 3 -2.981886 276
65 350 23 3 -3.469645 276
25 450 23 3 -3.438581 277
35 450 23 3 -3.426303 276
45 450 23 3 -3.327471 276
55 450 23 3 -3.085488 276
65 450 23 3 -3.410565 276
25 550 23 3 -3.592679 276.3438
35 550 23 3 -3.350725 276
45 550 23 3 -3.526483 276
55 550 23 3 -2.991097 276
25 650 23 3 -3.642151 276.45
35 650 23 3 -3.465128 276
45 650 23 3 -3.711609 276
55 650 23 3 -2.875633 276
25 750 23 3 -3.703187 276.4571
35 750 23 3 -3.545855 276
45 750 23 3 -3.636716 276
55 750 23 3 -2.873808 276
25 850 23 3 -3.764198 276.4138
35 850 23 3 -3.134146 276
45 850 23 3 -3.02312 276
55 850 23 3 -2.322712 276
25 950 23 3 -3.750995 276
35 950 23 3 -2.687512 276
45 950 23 3 -1.589958 276
55 950 23 3 -1.931942 276
25 350 24 3 3.146585 119
35 350 24 3 4.106985 118
45 350 24 3 3.84765 118
55 350 24 3 2.775962 118
65 350 24 3 3.050066 118
25 450 24 3 4.146991 118.7843
35 450 24 3 4.894603 118
45 450 24 3 4.1226 118
55 450 24 3 3.459846 118
65 450 24 3 4.068364 118
25 550 24 3 4.171959 118.75
35 550 24 3 5.137741 118
45 550 24 3 4.213378 118
55 550 24 3 3.823562 118
65 550 24 3 4.725192 118
25 650 24 3 4.491769 118.6809
35 650 24 3 5.273267 118
45 650 24 3 4.267192 118
55 650 24 3 4.40519 118
65 650 24 3 5.435472 118
25 750 24 3 4.669017 118.6667
35 750 24 3 5.38868 118
45 750 24 3 4.462744 118
55 750 24 3 5.271798 118
25 850 24 3 4.978034 118.6757
35 850 24 3 5.467913 118
45 850 24 3 5.221475 118
55 850 24 3 5.731133 118
15 950 24 3 5.633412 119
25 950 24 3 5.41758 118.7877
35 950 24 3 5.34449 118
45 950 24 3 5.536938 118
55 950 24 3 6.262359 118
-15 350 21 4 -1.190107 219
-5 350 21 4 -0.9059858 218.6834
5 350 21 4 -0.668615 218
15 350 21 4 -1.426254 218
-15 450 21 4 -1.203805 219
-5 450 21 4 -1.067953 218.6023
5 450 21 4 -0.8048932 218
15 450 21 4 -0.873325 218
-15 550 21 4 -1.295061 219
-5 550 21 4 -1.099717 218.5915
5 550 21 4 -0.7135383 218
15 550 21 4 -0.7952586 218
-15 650 21 4 -1.395724 219
-5 650 21 4 -1.015881 218.4068
5 650 21 4 -0.6343025 218
15 650 21 4 -0.7166709 218
-15 750 21 4 -1.371802 219
-5 750 21 4 -0.9133822 218.525
5 750 21 4 -0.5891806 218
15 750 21 4 -0.6930334 218
-15 850 21 4 -1.484712 219
-5 850 21 4 -0.8150351 218.4444
5 850 21 4 -0.5359276 218
15 850 21 4 -0.8812248 218
-15 950 21 4 -1.702715 219
-5 950 21 4 -0.7149512 218.4255
5 950 21 4 -0.4470017 218
15 950 21 4 -1.156605 218
-15 350 22 4 -1.9084 34
-5 350 22 4 -0.9974453 33.87179
5 350 22 4 0.1765016 33
15 350 22 4 0.2562924 33
-15 450 22 4 -1.976784 34
-5 450 22 4 -1.349328 33.79167
5 450 22 4 0.3068983 33
15 450 22 4 0.2280376 33
-15 550 22 4 -1.853984 34
-5 550 22 4 -1.609102 33.81429
5 550 22 4 0.3196168 33
15 550 22 4 0.3891483 33
-15 650 22 4 -1.671769 34
-5 650 22 4 -1.551745 33.79661
5 650 22 4 0.02763096 33
15 650 22 4 0.6844805 33
-15 750 22 4 -1.513107 34
-5 750 22 4 -1.325273 33.78182
5 750 22 4 -0.2658858 33
15 750 22 4 0.8549053 33
-15 850 22 4 -1.338628 34
-5 850 22 4 -1.069646 33.76471
5 850 22 4 -0.4856867 33
15 850 22 4 1.260862 33
-15 950 22 4 -1.269443 34
-5 950 22 4 -0.8092215 33.94286
5 950 22 4 -0.4090362 33
15 950 22 4 1.659777 33
-15 350 23 4 -2.495425 279
-5 350 23 4 -2.703482 279
5 350 23 4 -3.101042 278.2759
15 350 23 4 -3.395609 278
-15 450 23 4 -2.529409 279
-5 450 23 4 -2.734826 279
5 450 23 4 -3.072782 278.5238
15 450 23 4 -3.425524 278
-15 550 23 4 -2.580371 279
-5 550 23 4 -2.763981 279
5 550 23 4 -3.047317 278.4717
15 550 23 4 -3.524474 278
-15 650 23 4 -2.683819 279
-5 650 23 4 -2.80726 279
5 650 23 4 -3.117858 278.5319
15 650 23 4 -3.562637 278
-15 750 23 4 -2.773685 279
-5 750 23 4 -2.843377 279
5 750 23 4 -3.175428 278.475
15 750 23 4 -3.595025 278
-15 850 23 4 -2.88058 279
-5 850 23 4 -2.82495 279
5 850 23 4 -3.054727 278.5
15 850 23 4 -3.701091 278
-15 950 23 4 -3.188716 279
-5 950 23 4 -2.543929 279
5 950 23 4 -2.742139 278.4301
15 950 23 4 -3.848009 278
-15 350 24 4 -0.7597978 121
-5 350 24 4 -1.701731 121
5 350 24 4 -0.3345838 120
15 350 24 4 2.135351 120
-15 450 24 4 -1.481225 121
-5 450 24 4 -1.675728 120.9259
5 450 24 4 -0.6877135 120
15 450 24 4 1.911882 120
-15 550 24 4 -1.841631 121
-5 550 24 4 -1.538763 120.7049
5 550 24 4 -0.5964427 120
15 550 24 4 0.8518781 120
-15 650 24 4 -2.304371 121
-5 650 24 4 -1.534869 120.7037
5 650 24 4 -0.6604417 120
15 650 24 4 0.9252233 120
-15 750 24 4 -2.584971 121
-5 750 24 4 -1.550247 120.7059
5 750 24 4 -0.5010553 120
15 750 24 4 1.081647 120
-15 850 24 4 -2.957333 121
-5 850 24 4 -1.566369 120.7073
5 850 24 4 -0.2130688 120
15 850 24 4 2.191695 120
-15 950 24 4 -3.189219 121
-5 950 24 4 -1.41769 120.3785
5 950 24 4 -0.04438533 120
15 950 24 4 4.276655 120
-45 350 21 5 -2.411749 220.5319
-35 350 21 5 -1.934978 220
-15 350 21 5 -1.109154 220
-45 450 21 5 -2.251625 220.75
-35 450 21 5 -2.397207 220
-15 450 21 5 -1.139333 220
-45 550 21 5 -2.252769 220.7818
-35 550 21 5 -2.686789 220
-15 550 21 5 -1.224215 220
-45 650 21 5 -2.345927 220.9035
-35 650 21 5 -2.761869 220
-25 650 21 5 -1.529289 220
-15 650 21 5 -1.386168 220
-45 750 21 5 -2.502441 221
-35 750 21 5 -2.847804 220
-25 750 21 5 -1.72467 220
-15 750 21 5 -1.477733 220
-45 850 21 5 -2.908369 221
-35 850 21 5 -2.972164 220
-25 850 21 5 -1.826939 220
-15 850 21 5 -1.548822 220
-45 950 21 5 -3.076345 221
-35 950 21 5 -3.119425 220
-25 950 21 5 -2.456088 220
-15 950 21 5 -1.772197 220
-55 350 22 5 -3.614608 36
-45 350 22 5 -3.299981 35.86585
-35 350 22 5 -3.421621 35
-25 350 22 5 -2.989433 35
-15 350 22 5 -2.329309 35
-55 450 22 5 -3.862462 36
-45 450 22 5 -3.121863 36
-35 450 22 5 -3.831119 35
-25 450 22 5 -3.210773 35
-15 450 22 5 -2.302551 35
-55 550 22 5 -3.927912 36
-45 550 22 5 -3.063983 36
-35 550 22 5 -3.8684 35
-25 550 22 5 -3.101304 35
-15 550 22 5 -1.982034 35
-55 650 22 5 -4.630758 36
-45 650 22 5 -2.819526 36
-35 650 22 5 -3.584203 35
-25 650 22 5 -2.760472 35
-15 650 22 5 -1.909351 35
-55 750 22 5 -4.830473 36
-45 750 22 5 -2.961677 36
-35 750 22 5 -3.272943 35
-25 750 22 5 -2.580141 35
-15 750 22 5 -2.044439 35
-55 850 22 5 -4.883758 36
-45 850 22 5 -2.921722 36
-35 850 22 5 -3.355205 35
-25 850 22 5 -2.636354 35
-15 850 22 5 -2.310466 35
-55 950 22 5 -4.905203 36
-45 950 22 5 -2.633377 36
-35 950 22 5 -3.56478 35
-25 950 22 5 -2.94141 35
-55 350 23 5 -2.324804 281
-45 350 23 5 -2.485345 280.8322
-35 350 23 5 -2.33069 280
-25 350 23 5 -2.087173 280
-15 350 23 5 -2.086025 280
-55 450 23 5 -2.378841 281
-45 450 23 5 -2.674361 280.8584
-35 450 23 5 -2.371409 280
-25 450 23 5 -2.03447 280
-15 450 23 5 -2.24062 280
-55 550 23 5 -2.73525 281
-45 550 23 5 -2.839039 280.9023
-35 550 23 5 -2.596613 280
-25 550 23 5 -2.194939 280
-15 550 23 5 -2.257847 280
-55 650 23 5 -2.923246 281
-45 650 23 5 -2.963793 280.8916
-35 650 23 5 -2.528029 280
-25 650 23 5 -2.385756 280
-15 650 23 5 -2.346868 280
-55 750 23 5 -3.127751 281
-45 750 23 5 -3.077108 281
-35 750 23 5 -2.711746 280
-25 750 23 5 -2.691466 280
-15 750 23 5 -2.534218 280
-55 850 23 5 -3.324503 281
-45 850 23 5 -3.293335 281
-35 850 23 5 -3.320202 280
-25 850 23 5 -2.943163 280
-15 850 23 5 -2.836075 280
-55 950 23 5 -3.540188 281
-45 950 23 5 -3.830185 281
-35 950 23 5 -3.458993 280
-25 950 23 5 -3.248723 280
-15 950 23 5 -2.844311 280
-45 350 24 5 -2.744969 123
-35 350 24 5 -2.487685 122.4231
-25 350 24 5 -2.106037 122
-15 350 24 5 -1.952543 122
-45 450 24 5 -2.836955 123
-35 450 24 5 -2.634896 122.6667
-25 450 24 5 -2.537699 122
-15 450 24 5 -1.98572 122
-45 550 24 5 -2.963868 123
-35 550 24 5 -2.791057 122.4615
-25 550 24 5 -2.812901 122
-15 550 24 5 -2.238404 122
-45 650 24 5 -3.054149 123
-35 650 24 5 -2.944863 122.3636
-25 650 24 5 -3.176497 122
-15 650 24 5 -2.671109 122
-45 750 24 5 -3.165093 123
-35 750 24 5 -3.128386 122.3611
-25 750 24 5 -3.365047 122
-15 750 24 5 -3.073062 122
-45 850 24 5 -3.232982 123
-35 850 24 5 -3.391137 122.3714
-25 850 24 5 -3.484153 122
-15 850 24 5 -3.314374 122
-45 950 24 5 -3.530422 123
-35 950 24 5 -3.516381 122.5278
-25 950 24 5 -3.603314 122
-15 950 24 5 -3.301134 122
-65 350 21 6 -3.005558 225
-55 350 21 6 -2.807044 224.7868
-45 350 21 6 -2.803814 224
-65 450 21 6 -3.061914 225
-55 450 21 6 -2.892743 224.875
-45 450 21 6 -2.889919 224
-65 550 21 6 -3.061663 225
-55 550 21 6 -2.933425 224.8427
-45 550 21 6 -2.949927 224
-65 650 21 6 -3.056565 225
-55 650 21 6 -2.958693 224.8642
-45 650 21 6 -2.994276 224
-65 750 21 6 -3.063587 225
-55 750 21 6 -2.970392 224.8571
-45 750 21 6 -2.985318 224
-65 850 21 6 -3.059439 225
-55 850 21 6 -3.028134 224.8451
-45 850 21 6 -2.973082 224
-65 950 21 6 -3.012391 225
-55 950 21 6 -3.07165 224.9554
-45 950 21 6 -2.881937 224
-65 350 22 6 -3.857462 40.60504
-55 350 22 6 -3.624667 40.18254
-45 350 22 6 -3.671647 40
-65 450 22 6 -4.42115 40.63107
-55 450 22 6 -3.959261 40.52439
-45 450 22 6 -3.709927 40
-65 550 22 6 -4.637586 40.65476
-55 550 22 6 -4.109327 40.52857
-45 550 22 6 -3.689925 40
-65 650 22 6 -4.787712 40.67143
-55 650 22 6 -4.288654 40.59375
-45 650 22 6 -3.682084 40
-65 750 22 6 -4.928328 40.66129
-55 750 22 6 -4.510104 40.54
-65 850 22 6 -5.038156 40.65
-55 850 22 6 -4.830092 40.48649
-65 950 22 6 -5.488781 40.56604
-55 950 22 6 -4.878159 40.53623
-65 350 23 6 -3.087055 283.5024
-55 350 23 6 -2.975098 283.3908
-45 350 23 6 -2.986436 283
-65 450 23 6 -3.346513 283.4872
-55 450 23 6 -3.063997 283.4609
-45 450 23 6 -2.93267 283
-65 550 23 6 -3.467224 283.4792
-55 550 23 6 -3.259197 283.6
-45 550 23 6 -3.007601 283
-65 650 23 6 -3.514658 283.425
-55 650 23 6 -3.312976 283.3158
-45 650 23 6 -3.106792 283
-65 750 23 6 -3.492225 283.4545
-55 750 23 6 -3.436558 283.3673
-45 750 23 6 -3.293434 283
-65 850 23 6 -3.439067 283.4865
-55 850 23 6 -3.518117 283.5747
-45 850 23 6 -3.261934 283
-65 950 23 6 -3.397279 283.4028
-55 950 23 6 -3.584625 283.3037
-45 950 23 6 -2.352434 283
-65 350 24 6 -3.279754 126
-55 350 24 6 -3.243625 125.4277
-45 350 24 6 -3.494615 125
-65 450 24 6 -3.406538 126
-55 450 24 6 -3.342268 125.4375
-45 450 24 6 -3.671473 125
-65 550 24 6 -3.55982 126
-55 550 24 6 -3.362978 125.5054
-45 550 24 6 -3.703785 125
-65 650 24 6 -3.688914 126
-55 650 24 6 -3.440756 125.6
-45 650 24 6 -3.791604 125
-65 750 24 6 -3.866417 126
-55 750 24 6 -3.606967 125.5921
-45 750 24 6 -3.924128 125
-65 850 24 6 -4.004903 126
-55 850 24 6 -3.759133 125.5714
-45 850 24 6 -3.97721 125
-65 950 24 6 -4.043933 126
-55 950 24 6 -3.85102 125.5111
-45 950 24 6 -2.382852 125
-55 350 21 7 -2.825122 227
-45 350 21 7 -2.734598 227
-35 350 21 7 -1.781358 227
-25 350 21 7 -1.471163 227
-15 350 21 7 -2.045929 227
-5 350 21 7 -2.167198 227
-55 450 21 7 -2.881117 227
-45 450 21 7 -2.724516 227
-35 450 21 7 -2.014256 227
-25 450 21 7 -1.596222 227
-15 450 21 7 -1.482195 227
-5 450 21 7 -1.737093 227
-55 550 21 7 -2.874429 227
-45 550 21 7 -2.814363 227
-35 550 21 7 -2.147608 227
-25 550 21 7 -1.687238 227
-15 550 21 7 -1.096925 227
-5 550 21 7 -1.727119 227
-55 650 21 7 -2.9391 227
-45 650 21 7 -2.910843 227
-35 650 21 7 -2.409287 227
-25 650 21 7 -1.773382 227
-15 650 21 7 -1.124991 227
-5 650 21 7 -1.315612 227
-55 750 21 7 -3.000337 227
-45 750 21 7 -3.015948 227
-35 750 21 7 -2.569221 227
-25 750 21 7 -1.9917 227
-15 750 21 7 -1.202775 227
-55 850 21 7 -3.051874 227
-45 850 21 7 -3.051906 227
-35 850 21 7 -2.766828 227
-25 850 21 7 -2.305729 227
-15 850 21 7 -1.081089 227
-55 950 21 7 -3.066026 227
-45 950 21 7 -3.063578 227
-35 950 21 7 -3.593746 227
-25 950 21 7 -2.035303 227
-15 950 21 7 -1.07347 227
-55 350 22 7 -3.229101 43
-45 350 22 7 -3.107311 43
-35 350 22 7 -3.675571 43
-25 350 22 7 -3.130294 43
-15 350 22 7 -1.883396 43
-5 350 22 7 -0.9344508 43
-55 450 22 7 -3.427893 43
-45 450 22 7 -3.152758 43
-35 450 22 7 -3.277715 43
-25 450 22 7 -5.238715 43
-15 450 22 7 -4.561143 43
-5 450 22 7 -2.007128 43
-55 550 22 7 -3.732792 43
-45 550 22 7 -3.238717 43
-35 550 22 7 -3.287975 43
-25 550 22 7 -5.750764 43
-15 550 22 7 -4.517228 43
-5 550 22 7 -1.680624 43
-55 650 22 7 -4.04657 43
-45 650 22 7 -3.538707 43
-35 650 22 7 -3.342434 43
-25 650 22 7 -5.066105 43
-15 650 22 7 -4.860982 43
-5 650 22 7 0.6742595 43
-55 750 22 7 -4.090643 43
-45 750 22 7 -3.921474 43
-35 750 22 7 -3.366726 43
-25 750 22 7 -4.302316 43
-15 750 22 7 -4.163445 43
-5 750 22 7 -0.32073 43
-55 850 22 7 -4.228884 43
-45 850 22 7 -4.268166 43
-35 850 22 7 -3.467405 43
-15 850 22 7 -3.708245 43
-5 850 22 7 -2.191671 43
-55 950 22 7 -4.158355 43
-45 950 22 7 -4.499124 43
-35 950 22 7 -3.544842 43
-15 950 22 7 -3.523271 43
-5 950 22 7 -2.955228 43
-65 350 23 7 -3.198371 286
-55 350 23 7 -3.158899 286
-65 450 23 7 -3.356551 286
-55 450 23 7 -3.257782 286
-65 550 23 7 -3.449109 286
-55 550 23 7 -3.389327 286
-65 650 23 7 -3.459002 286
-55 650 23 7 -3.4143 286
-65 750 23 7 -3.438421 286
-55 750 23 7 -3.421951 286
-65 850 23 7 -3.412166 286
-55 850 23 7 -3.525456 286
-65 950 23 7 -3.412619 286
-55 950 23 7 -3.484074 286
-65 350 24 7 -3.529587 128
-55 350 24 7 -3.336519 128
-65 450 24 7 -3.759177 128
-55 450 24 7 -3.46467 128
-65 550 24 7 -3.872739 128
-55 550 24 7 -3.616315 128
-65 650 24 7 -4.025693 128
-55 650 24 7 -3.737603 128
-65 750 24 7 -4.139509 128
-55 750 24 7 -3.944951 128
-65 850 24 7 -4.168097 128
-55 850 24 7 -4.007944 128
-65 950 24 7 -4.188827 128
-55 950 24 7 -4.058235 128
-5 350 21 8 -2.180633 229
5 350 21 8 -3.332885 229
15 350 21 8 -4.045839 229
25 350 21 8 -3.685142 229
35 350 21 8 -2.43906 229
-5 450 21 8 -2.134701 229
5 450 21 8 -3.052017 229
15 450 21 8 -4.0321 229
25 450 21 8 -3.478552 229
35 450 21 8 -2.11795 229
-5 550 21 8 -1.919484 229
5 550 21 8 -3.038977 229
15 550 21 8 -4.068919 229
25 550 21 8 -3.255489 229
35 550 21 8 -2.139683 229
-5 650 21 8 -1.942396 229
5 650 21 8 -2.319559 229
15 650 21 8 -4.786571 229
25 650 21 8 -3.540313 229
35 650 21 8 -2.449144 229
-5 750 21 8 -0.7519605 229
5 750 21 8 -1.650165 229
15 750 21 8 -4.756641 229
25 750 21 8 -3.88371 229
35 750 21 8 -2.640747 229
-5 850 21 8 -0.474437 229
5 850 21 8 -0.8153829 229
15 850 21 8 -3.174853 229
25 850 21 8 -4.17783 229
35 850 21 8 -3.325179 229
-5 950 21 8 -0.896392 229
5 950 21 8 -0.4891506 229
15 950 21 8 -2.906882 229
25 950 21 8 -4.128344 229
35 950 21 8 -4.370344 229
-5 350 22 8 -1.737617 45
5 350 22 8 -0.7973294 45
15 350 22 8 -0.03858715 45
25 350 22 8 0.2900256 45
35 350 22 8 0.6044037 45
-5 450 22 8 -0.1407452 45
5 450 22 8 -0.246509 45
15 450 22 8 0.2042351 45
25 450 22 8 0.5765087 45
35 450 22 8 0.7192586 45
-5 550 22 8 1.266778 45
5 550 22 8 0.4310177 45
15 550 22 8 0.5667192 45
25 550 22 8 0.851857 45
35 550 22 8 0.8297724 45
-5 650 22 8 1.771302 45
5 650 22 8 2.184414 45
15 650 22 8 0.7765319 45
25 650 22 8 1.238975 45
35 650 22 8 1.480717 45
-5 750 22 8 4.495697 45
5 750 22 8 4.65823 45
15 750 22 8 1.289352 45
25 750 22 8 1.705144 45
35 750 22 8 2.400365 45
-5 850 22 8 2.212318 45
5 850 22 8 4.875171 45
15 850 22 8 2.348554 45
25 850 22 8 2.322418 45
35 850 22 8 3.064072 45
-5 950 22 8 -1.399467 45
5 950 22 8 3.53752 45
15 950 22 8 2.759824 45
25 950 22 8 2.472939 45
35 950 22 8 3.293607 45
-55 350 23 8 -2.99058 289
-45 350 23 8 -2.686544 289
-35 350 23 8 -2.601984 289
-25 350 23 8 -2.590438 289
-15 350 23 8 -2.480169 289
-5 350 23 8 -1.803234 289
-55 450 23 8 -3.157117 289
-45 450 23 8 -2.872414 289
-35 450 23 8 -2.636424 289
-25 450 23 8 -2.592164 289
-15 450 23 8 -2.514178 289
-5 450 23 8 -0.3280128 289
-45 550 23 8 -3.091569 289
-35 550 23 8 -2.610615 289
-25 550 23 8 -2.700418 289
-15 550 23 8 -2.261776 289
-5 550 23 8 0.6725434 289
-45 650 23 8 -3.270116 289
-35 650 23 8 -2.702143 289
-25 650 23 8 -2.774803 289
-15 650 23 8 -2.074076 289
-5 650 23 8 1.748406 289
-45 750 23 8 -3.107056 289
-35 750 23 8 -2.869357 289
-25 750 23 8 -2.873705 289
-15 750 23 8 -2.446023 289
-5 750 23 8 1.902136 289
-45 850 23 8 -3.107701 289
-35 850 23 8 -3.147543 289
-25 850 23 8 -3.043685 289
-15 850 23 8 -3.093797 289
-5 850 23 8 -0.8213886 289
-45 950 23 8 -3.690753 289
-35 950 23 8 -3.666665 289
-25 950 23 8 -3.232772 289
-15 950 23 8 -3.208394 289
-5 950 23 8 -1.779937 289
-55 350 24 8 -3.464749 131
-45 350 24 8 -3.337505 131
-35 350 24 8 -2.753787 131
-25 350 24 8 -1.408641 131
-15 350 24 8 -0.8566349 131
-5 350 24 8 -0.668179 131
-55 450 24 8 -3.594958 131
-45 450 24 8 -3.421805 131
-35 450 24 8 -3.064404 131
-25 450 24 8 -1.683731 131
-15 450 24 8 -1.421191 131
-5 450 24 8 -0.8924272 131
-55 550 24 8 -3.625283 131
-45 550 24 8 -3.44559 131
-35 550 24 8 -3.410592 131
-25 550 24 8 -1.955952 131
-15 550 24 8 -2.022387 131
-5 550 24 8 -1.482345 131
-55 650 24 8 -3.699849 131
-45 650 24 8 -3.457619 131
-35 650 24 8 -3.879383 131
-25 650 24 8 -2.256652 131
-15 650 24 8 -2.364829 131
-5 650 24 8 -1.940285 131
-55 750 24 8 -3.760151 131
-45 750 24 8 -3.597793 131
-35 750 24 8 -4.320552 131
-25 750 24 8 -2.904367 131
-15 750 24 8 -2.709673 131
-5 750 24 8 -2.042347 131
-55 850 24 8 -3.920276 131
-45 850 24 8 -3.890494 131
-35 850 24 8 -4.044754 131
-25 850 24 8 -3.259239 131
-15 850 24 8 -3.00668 131
-55 950 24 8 -4.022616 131
-45 950 24 8 -4.076515 131
-35 950 24 8 -3.914248 131
-25 950 24 8 -3.489331 131
-15 950 24 8 -3.235336 131
45 350 21 9 -2.222172 232
55 350 21 9 -5.96603 232
65 350 21 9 -6.072204 232
75 350 21 9 -6.309547 232
35 450 21 9 -1.909389 232
45 450 21 9 -3.202837 232
55 450 21 9 -6.064448 232
65 450 21 9 -6.991387 232
75 450 21 9 -7.40324 232
35 550 21 9 -2.192832 232
45 550 21 9 -4.131616 232
65 550 21 9 -7.477553 232
75 550 21 9 -8.283012 232
35 650 21 9 -2.711138 232
45 650 21 9 -4.73627 232
65 650 21 9 -8.192863 232
75 650 21 9 -9.354098 232
45 750 21 9 -4.919366 232
65 750 21 9 -8.847571 232
75 750 21 9 -9.304761 232
45 850 21 9 -5.68247 232
65 850 21 9 -9.377425 232
75 850 21 9 -9.642462 232
45 950 21 9 -4.934314 232
75 950 21 9 -10.28932 232
35 350 22 9 0.7869257 48
45 350 22 9 0.8779255 48
55 350 22 9 2.013004 48
65 350 22 9 3.120872 48
75 350 22 9 2.597979 48
35 450 22 9 0.8903639 48
45 450 22 9 0.9469914 48
55 450 22 9 2.028016 48
65 450 22 9 3.786962 48
75 450 22 9 3.537041 48
35 550 22 9 1.013253 48
45 550 22 9 0.8635433 48
55 550 22 9 2.072559 48
65 550 22 9 3.918942 48
75 550 22 9 3.801867 48
35 650 22 9 1.488581 48
45 650 22 9 1.1233 48
55 650 22 9 2.305362 48
65 650 22 9 4.250271 48
75 650 22 9 4.362171 48
35 750 22 9 2.168179 48
45 750 22 9 1.740254 48
55 750 22 9 2.522965 48
65 750 22 9 4.155926 48
75 750 22 9 4.872647 48
35 850 22 9 3.128837 48
45 850 22 9 2.795052 48
55 850 22 9 2.84912 48
65 850 22 9 4.206177 48
75 850 22 9 5.391638 48
35 950 22 9 3.966893 48
45 950 22 9 3.489275 48
55 950 22 9 3.217783 48
65 950 22 9 6.0412 48
75 950 22 9 4.681095 48
-5 350 23 9 -2.81908 291
5 350 23 9 -3.5202 291
15 350 23 9 -3.892714 291
-5 450 23 9 -2.335883 291
5 450 23 9 -3.688362 291
15 450 23 9 -4.091169 291
-5 550 23 9 -0.4422621 291
5 550 23 9 -3.333527 291
15 550 23 9 -4.122511 291
-5 650 23 9 0.4713934 291
5 650 23 9 -2.986639 291
15 650 23 9 -4.003117 291
-5 750 23 9 0.04477423 291
5 750 23 9 -4.009065 291
15 750 23 9 -4.034351 291
-5 850 23 9 -1.75213 291
5 850 23 9 -4.864475 291
15 850 23 9 -3.379408 291
-5 950 23 9 -2.099206 291
5 950 23 9 -4.705894 291
15 950 23 9 -2.70483 291
-5 350 24 9 -0.7197135 133
5 350 24 9 0.2665424 133
15 350 24 9 1.201166 133
25 350 24 9 2.198346 133
35 350 24 9 2.822307 133
-5 450 24 9 -1.374747 133
5 450 24 9 0.2130916 133
15 450 24 9 1.558912 133
25 450 24 9 2.310765 133
35 450 24 9 2.901514 133
-5 550 24 9 -1.797115 133
5 550 24 9 0.2963441 133
15 550 24 9 2.207999 133
25 550 24 9 2.097671 133
35 550 24 9 3.238688 133
-5 650 24 9 -2.092618 133
5 650 24 9 0.4966464 133
15 650 24 9 2.793406 133
25 650 24 9 2.41005 133
35 650 24 9 4.016681 133
-5 750 24 9 -2.284232 133
5 750 24 9 0.650256 133
15 750 24 9 4.35729 133
25 750 24 9 2.998085 133
35 750 24 9 4.996804 133
-5 850 24 9 -2.525594 133
5 850 24 9 1.928683 133
15 850 24 9 4.858933 133
25 850 24 9 3.765889 133
-5 950 24 9 -2.584476 133
5 950 24 9 1.377821 133
15 950 24 9 3.979216 133
25 950 24 9 4.256248 133
65 350 22 10 3.020074 49
75 350 22 10 2.494903 49
65 450 22 10 3.836035 49
75 450 22 10 3.814934 49
65 550 22 10 3.977015 49
75 550 22 10 4.545233 49
65 650 22 10 4.597653 49
75 650 22 10 5.335572 49
65 750 22 10 5.669593 49
75 750 22 10 5.895394 49
65 850 22 10 9.332396 49
75 850 22 10 5.981506 49
65 950 22 10 10.66835 49
75 950 22 10 6.770658 49
15 350 23 10 -3.862559 292
25 350 23 10 -3.711595 292
35 350 23 10 -2.893224 292
5 450 23 10 -4.155373 292
15 450 23 10 -3.893469 292
25 450 23 10 -3.386073 292
35 450 23 10 -2.923598 292
5 550 23 10 -4.406718 292
15 550 23 10 -3.93307 292
25 550 23 10 -3.078323 292
35 550 23 10 -2.693672 292
5 650 23 10 -4.306149 292
15 650 23 10 -3.853011 292
25 650 23 10 -2.825374 292
35 650 23 10 -2.568744 292
5 750 23 10 -4.251304 292
15 750 23 10 -3.751781 292
25 750 23 10 -2.583993 292
35 750 23 10 -2.448726 292
5 850 23 10 -4.581268 292
15 850 23 10 -3.13184 292
25 850 23 10 -2.547212 292
35 850 23 10 -2.423257 292
5 950 23 10 -3.292312 292
15 950 23 10 -2.431457 292
25 950 23 10 -2.354375 292
35 950 23 10 -2.407567 292
45 350 24 10 3.46383 136
55 350 24 10 3.863936 136
65 350 24 10 3.714965 136
35 450 24 10 3.426899 136
45 450 24 10 3.670456 136
55 450 24 10 3.916107 136
65 450 24 10 4.442966 136
35 550 24 10 3.444328 136
45 550 24 10 3.84153 136
55 550 24 10 3.975522 136
65 550 24 10 4.836447 136
35 650 24 10 3.468971 136
45 650 24 10 3.939415 136
55 650 24 10 4.016697 136
65 650 24 10 4.874132 136
35 750 24 10 3.543503 136
45 750 24 10 3.832216 136
55 750 24 10 4.173938 136
65 750 24 10 4.972931 136
35 850 24 10 3.877142 136
45 850 24 10 3.626756 136
55 850 24 10 4.518109 136
65 850 24 10 5.072158 136
45 950 24 10 4.032718 136
55 950 24 10 4.671382 136
65 950 24 10 5.50151 136
35 350 22 11 0.1608985 51
45 350 22 11 2.886522 51
55 350 22 11 3.307064 51
65 350 22 11 3.786062 51
35 450 22 11 1.340565 51
45 450 22 11 3.776149 51
55 450 22 11 3.947882 51
65 450 22 11 4.132523 51
35 550 22 11 1.923665 51
45 550 22 11 4.097826 51
55 550 22 11 4.4026 51
65 550 22 11 4.428337 51
35 650 22 11 2.79962 51
45 650 22 11 4.259692 51
55 650 22 11 4.912006 51
65 650 22 11 5.311341 51
35 750 22 11 3.632815 51
45 750 22 11 4.540779 51
55 750 22 11 5.235065 51
65 750 22 11 6.375131 51
35 850 22 11 3.506686 51
45 850 22 11 4.851475 51
55 850 22 11 6.013988 51
65 850 22 11 7.401178 51
45 950 22 11 4.978349 51
55 950 22 11 6.2248 51
45 350 23 11 -2.945533 295
55 350 23 11 -2.122396 295
65 350 23 11 -2.054122 295
35 450 23 11 -2.930671 295
45 450 23 11 -2.785479 295
55 450 23 11 -1.997678 295
65 450 23 11 -1.833695 295
35 550 23 11 -2.831753 295
45 550 23 11 -2.496152 295
55 550 23 11 -1.994809 295
65 550 23 11 -1.311111 295
35 650 23 11 -2.726404 295
45 650 23 11 -2.27098 295
55 650 23 11 -1.795106 295
65 650 23 11 -1.478439 295
35 750 23 11 -2.592683 295
45 750 23 11 -1.809831 295
55 750 23 11 -1.696797 295
65 750 23 11 -1.457423 295
35 850 23 11 -2.506562 295
45 850 23 11 -1.561756 295
55 850 23 11 -1.718626 295
65 850 23 11 -0.8940715 295
35 950 23 11 -2.446534 295
45 950 23 11 -1.62942 295
55 950 23 11 -1.890146 295
65 950 23 11 -0.197711 295
45 350 24 11 2.961966 137
65 350 24 11 3.651184 137
45 450 24 11 3.479907 137
65 450 24 11 4.782799 137
45 550 24 11 4.027279 137
65 550 24 11 5.066963 137
45 650 24 11 4.358331 137
65 650 24 11 5.208562 137
45 750 24 11 4.905618 137
65 750 24 11 5.360234 137
45 850 24 11 5.078804 137
65 850 24 11 5.579731 137
45 950 24 11 4.504511 137
65 950 24 11 6.577974 137
45 350 23 12 -2.587848 297
55 350 23 12 -2.552297 297
65 350 23 12 -1.687066 297
75 350 23 12 -1.994427 297
45 450 23 12 -2.4993 297
55 450 23 12 -1.783062 297
65 450 23 12 -1.681415 297
75 450 23 12 -1.028072 297
45 550 23 12 -2.529039 297
55 550 23 12 -0.04409543 297
65 550 23 12 -1.665275 297
75 550 23 12 -1.187579 297
45 650 23 12 -2.253969 297
55 650 23 12 0.9593445 297
65 650 23 12 -1.936182 297
75 650 23 12 -2.02594 297
45 750 23 12 -2.047904 297
55 750 23 12 1.849759 297
65 750 23 12 -2.269217 297
75 750 23 12 -2.486882 297
55 850 23 12 1.544481 297
65 850 23 12 -2.426286 297
75 850 23 12 -2.419112 297
55 950 23 12 2.939981 297
65 950 23 12 -2.336049 297
75 950 23 12 -2.520729 297
45 350 24 12 2.799823 138
55 350 24 12 3.240444 138
65 350 24 12 3.725263 138.1633
75 350 24 12 3.378389 138
45 450 24 12 3.310134 138
65 450 24 12 5.010978 138.1897
75 450 24 12 4.458624 138
45 550 24 12 3.684991 138
65 550 24 12 5.441414 138.1719
75 550 24 12 4.929744 138
45 650 24 12 3.752016 138
65 650 24 12 5.716339 138.5147
75 650 24 12 5.243835 138
45 750 24 12 3.855855 138
65 750 24 12 5.76706 138.325
75 750 24 12 5.486415 138
65 850 24 12 5.975979 138.4444
75 850 24 12 5.932075 138
65 950 24 12 6.012205 138.1932
75 950 24 12 6.67293 138
35 350 23 13 -2.779291 299.5392
45 350 23 13 -3.066385 299
55 350 23 13 -2.82991 299
65 350 23 13 -2.745566 299
35 450 23 13 -2.808243 299.1087
45 450 23 13 -2.932945 299
55 450 23 13 -2.703803 299
65 450 23 13 -2.239476 299
35 550 23 13 -2.852193 299
45 550 23 13 -2.74708 299
55 550 23 13 -2.467124 299
65 550 23 13 -1.658736 299
35 650 23 13 -2.847987 299
45 650 23 13 -2.572814 299
55 650 23 13 -2.284302 299
65 650 23 13 -1.627402 299
35 750 23 13 -2.805931 299
45 750 23 13 -2.355385 299
55 750 23 13 -2.230504 299
65 750 23 13 -1.494738 299
35 850 23 13 -2.571658 299
45 850 23 13 -2.102399 299
55 850 23 13 -1.59736 299
65 850 23 13 -1.351508 299
35 950 23 13 -1.846197 299
45 950 23 13 -2.178561 299
55 950 23 13 -1.620876 299
35 350 24 13 3.517921 140
45 350 24 13 3.513309 140
55 350 24 13 4.108255 140
65 350 24 13 5.145036 140
35 450 24 13 3.904348 140
45 450 24 13 3.727151 140
55 450 24 13 5.350474 140
65 450 24 13 5.746496 140
35 550 24 13 4.045921 140
45 550 24 13 3.985257 140
55 550 24 13 5.905493 140
65 550 24 13 5.813177 140
35 650 24 13 4.226259 140
45 650 24 13 4.286065 140
55 650 24 13 6.068377 140
65 650 24 13 5.803795 140
35 750 24 13 4.501842 140
45 750 24 13 4.791935 140
55 750 24 13 6.279694 140
65 750 24 13 5.663996 140
35 850 24 13 4.360193 140
45 850 24 13 5.573058 140
55 850 24 13 6.297693 140
35 950 24 13 3.765898 140
45 950 24 13 5.75261 140
55 950 24 13 6.037411 140
