-65 -55 -45 -35 -25 -15 -5 5 15 25 35 45 55 65 75
350 450 550 650 750 850 950
-3.303971 -3.437167 -3.542881 -3.635357 -3.702729 -3.75306 -3.813422
-3.101131 -3.244434 -3.328106 -3.424507 -3.497358 -3.529516 -3.579723
-2.917456 -2.943377 -2.992739 -3.085684 -3.215119 -3.351712 -3.264875
-2.517637 -2.749 -2.815713 -2.82265 -2.852832 -3.026328 -3.292888
-2.103619 -2.318492 -2.514685 -2.514337 -2.589843 -2.673808 -2.784174
-1.67214 -1.940186 -2.018865 -2.082005 -2.178485 -2.153172 -2.32399
-1.529578 -1.615625 -1.354682 -0.9367488 -0.6581593 -1.117299 -1.599909
-1.290024 -1.306029 -1.180408 -1.008061 -0.9244976 -0.830136 -0.832129
-1.071104 -1.041269 -1.001008 -0.8429416 -0.5410818 -0.296598 0.05661802
-0.3825358 -0.2886637 -0.1747504 -0.06861229 0.01503085 0.1221352 0.1345089
0.06748226 0.3325747 0.4196814 0.4511328 0.6855501 0.6479299 0.8310598
0.4861422 0.4940346 0.5610924 0.716441 0.9382991 1.136863 1.084993
0.2463951 0.5732658 1.085508 1.325301 1.58859 1.77526 1.828902
0.1079945 0.3767167 0.4502714 0.5515209 0.8036459 0.7472857 2.571103
-0.5142014 0.03419057 0.1270739 0.1505035 0.1177509 0.3788466 0.6449333
