lat prs camp flt x yday
5 350 21 1 -0.4187559 210
15 350 21 1 -0.6229484 210
25 350 21 1 -0.4737772 210
35 350 21 1 -0.5245658 210
5 450 21 1 -0.511843 210
15 450 21 1 -0.53455 210
25 450 21 1 -0.2886171 210
5 550 21 1 -0.5366654 210
15 550 21 1 -0.5486085 210
25 550 21 1 -0.3546749 210
5 650 21 1 -0.5477615 210
15 650 21 1 -0.5316437 210
25 650 21 1 -0.5177079 210
5 750 21 1 -0.5448009 210
15 750 21 1 -0.5166778 210
5 850 21 1 -0.6668686 210
15 850 21 1 -0.5086678 210
25 850 21 1 -0.4135139 210
5 950 21 1 -0.645992 210
15 950 21 1 -0.7384706 210
25 950 21 1 -1.048066 210
5 350 22 1 -1.362821 25
15 350 22 1 -1.023911 25.64151
25 350 22 1 -0.4012337 25.73333
35 350 22 1 -0.118192 25.14894
5 450 22 1 -1.225391 25
15 450 22 1 -1.021958 25.5
25 450 22 1 -0.6156166 26
35 450 22 1 0.8197227 26
5 550 22 1 -1.39541 25
15 550 22 1 -1.160153 25.51852
25 550 22 1 -0.1063458 26
35 550 22 1 1.966142 26
5 650 22 1 -0.7866917 25
15 650 22 1 -0.6944484 25.5
25 650 22 1 1.165175 26
35 650 22 1 3.068346 26
5 750 22 1 -0.8626566 25
15 750 22 1 0.2044001 25.71429
25 750 22 1 2.209724 26
35 750 22 1 3.494849 26
5 850 22 1 -0.5431296 25
15 850 22 1 1.578725 26
25 850 22 1 3.245807 26
35 850 22 1 4.632122 26
5 950 22 1 -0.193811 25
15 950 22 1 2.403046 26
25 950 22 1 4.724318 26
-5 350 23 1 -2.21881 270
5 350 23 1 -2.429265 270
15 350 23 1 -3.068719 270
25 350 23 1 -3.10844 270
35 350 23 1 -3.444891 270.2581
-5 450 23 1 -2.319758 270
5 450 23 1 -2.587664 270
15 450 23 1 -3.228473 270
25 450 23 1 -3.250194 270
35 450 23 1 -3.614896 270.4923
-5 550 23 1 -2.227143 270
5 550 23 1 -2.825027 270
15 550 23 1 -3.453107 270
25 550 23 1 -3.434015 270
35 550 23 1 -3.763665 270.4688
5 650 23 1 -2.495434 270
15 650 23 1 -3.522955 270
25 650 23 1 -3.697128 270
35 650 23 1 -4.071335 270.4324
5 750 23 1 -2.303565 270
15 750 23 1 -3.434821 270
25 750 23 1 -3.874127 270
35 750 23 1 -3.64185 270.6154
5 850 23 1 -1.963965 270
15 850 23 1 -4.098531 270
25 850 23 1 -4.356657 270
35 850 23 1 -3.161437 270.66
5 950 23 1 -1.793165 270
15 950 23 1 -4.560711 270
25 950 23 1 -4.51066 270
35 950 23 1 -2.974334 270.9
5 350 24 1 0.4898888 113
15 350 24 1 1.20892 113
25 350 24 1 1.361946 113
35 350 24 1 1.783787 113
5 450 24 1 0.5069741 113
15 450 24 1 1.460666 113
25 450 24 1 1.731897 113
35 450 24 1 2.512571 113
5 550 24 1 0.08478159 113
15 550 24 1 1.442393 113
25 550 24 1 1.701285 113
35 550 24 1 3.128091 113.3462
5 650 24 1 0.4563089 113
15 650 24 1 1.385308 113
25 650 24 1 1.872337 113
35 650 24 1 3.196018 113.4667
5 750 24 1 1.069862 113
15 750 24 1 1.677901 113
25 750 24 1 1.981429 113
5 850 24 1 1.14338 113
15 850 24 1 1.877048 113
25 850 24 1 1.666388 113
5 950 24 1 1.046513 113
15 950 24 1 3.382244 113
25 950 24 1 4.481087 113
35 350 21 2 -0.4636754 213
45 350 21 2 -0.3572405 213
65 350 21 2 -6.26213 213.1282
75 350 21 2 -7.375367 213
65 450 21 2 -6.389425 213.7614
75 450 21 2 -7.819045 213
65 550 21 2 -7.338104 213
75 550 21 2 -8.296394 213
65 650 21 2 -9.61562 213
75 650 21 2 -8.689674 213
75 750 21 2 -9.334901 213
75 850 21 2 -9.545309 213
75 950 21 2 -9.617571 213
35 350 22 2 -0.01919289 28
45 350 22 2 0.9994592 28
55 350 22 2 1.607271 28
65 350 22 2 1.142715 29
75 350 22 2 2.086651 29
35 450 22 2 -0.004498056 28
45 450 22 2 2.221418 28
55 450 22 2 3.300836 28
65 450 22 2 3.036189 29
75 450 22 2 3.475558 29
35 550 22 2 0.2219723 28
45 550 22 2 2.676934 28
55 550 22 2 3.933879 28
65 550 22 2 3.836077 29
75 550 22 2 4.047629 29
35 650 22 2 0.4568996 28
45 650 22 2 3.00042 28
55 650 22 2 4.282487 28
65 650 22 2 4.356668 29
75 650 22 2 4.694329 29
35 750 22 2 0.9833883 28
45 750 22 2 3.483087 28
55 750 22 2 4.458815 28
65 750 22 2 4.646925 29
75 750 22 2 4.993387 29
35 850 22 2 1.688229 28
45 850 22 2 4.270493 28
55 850 22 2 4.530004 28
65 850 22 2 5.082931 29
75 850 22 2 6.080424 29
35 950 22 2 2.068056 28
45 950 22 2 4.328017 28
55 950 22 2 4.612602 28
65 950 22 2 5.447343 29
75 950 22 2 7.679289 29
35 350 23 2 -3.503622 273
45 350 23 2 -3.419372 273
55 350 23 2 -3.747586 273
65 350 23 2 -3.617378 274
75 350 23 2 -3.578777 273.5581
35 450 23 2 -3.534488 273
45 450 23 2 -3.4729 273
55 450 23 2 -3.74026 273
65 450 23 2 -3.896197 274
75 450 23 2 -4.004191 273.5455
35 550 23 2 -3.443777 273
45 550 23 2 -3.497719 273
55 550 23 2 -3.804827 273
65 550 23 2 -3.962221 274
75 550 23 2 -4.225344 273.8421
35 650 23 2 -3.593812 273
45 650 23 2 -3.56352 273
55 650 23 2 -4.014745 273
65 650 23 2 -4.050666 274
75 650 23 2 -4.276837 274
35 750 23 2 -4.340094 273
45 750 23 2 -3.803806 273
55 750 23 2 -4.366951 273
65 750 23 2 -4.008205 274
75 750 23 2 -4.176853 274
35 850 23 2 -4.397213 273
45 850 23 2 -4.394244 273
55 850 23 2 -4.40879 273
75 850 23 2 -3.906072 274
35 950 23 2 -4.385946 273
45 950 23 2 -4.357504 273
55 950 23 2 -4.024629 273
75 950 23 2 -3.552287 274
35 350 24 2 3.349706 116
45 350 24 2 3.40991 116
55 350 24 2 3.741009 116
65 350 24 2 4.258685 117
75 350 24 2 3.877557 116.36
35 450 24 2 3.555207 116
45 450 24 2 3.75825 116
55 450 24 2 4.550555 116
65 450 24 2 4.408828 117
75 450 24 2 5.27397 116.4762
35 550 24 2 3.67971 116
45 550 24 2 3.892885 116
55 550 24 2 4.950421 116
65 550 24 2 5.866744 117
75 550 24 2 5.977362 116.5179
35 650 24 2 3.381134 116
45 650 24 2 4.195571 116
55 650 24 2 4.977383 116
65 650 24 2 6.244531 117
75 650 24 2 7.031986 116.4921
35 750 24 2 4.011556 116
45 750 24 2 4.834551 116
55 750 24 2 5.74159 116
65 750 24 2 6.308632 117
75 750 24 2 7.352663 116.5172
35 850 24 2 4.594151 116
45 850 24 2 5.519992 116
55 850 24 2 6.25008 116
65 850 24 2 6.384846 117
75 850 24 2 7.141774 116.4468
35 950 24 2 4.968837 116
45 950 24 2 5.642339 116
55 950 24 2 6.546615 116
65 950 24 2 6.584096 117
75 950 24 2 7.303019 116.6042
25 350 21 3 -1.112273 216
35 350 21 3 -1.308 215.2836
45 350 21 3 -3.686955 215
55 350 21 3 -4.23087 215
65 350 21 3 -5.543784 215
25 450 21 3 -0.799184 216
35 450 21 3 -0.94565 215.3061
45 450 21 3 -3.414854 215
55 450 21 3 -4.422419 215
65 450 21 3 -6.716227 215
25 550 21 3 -0.8809852 216
35 550 21 3 -1.176364 215.4583
45 550 21 3 -2.931409 215
55 550 21 3 -4.913053 215
65 550 21 3 -8.187834 215
25 650 21 3 -0.7045792 216
35 650 21 3 -2.094209 215.2836
45 650 21 3 -2.418833 215
55 650 21 3 -4.062571 215
65 650 21 3 -7.73857 215
25 750 21 3 -0.8167358 216
35 750 21 3 -2.668353 215.5333
45 750 21 3 -2.212977 215
55 750 21 3 -3.211413 215
65 750 21 3 -7.125489 215
35 850 21 3 -3.380205 215.4884
45 850 21 3 -2.195148 215
55 850 21 3 -2.438529 215
65 850 21 3 -7.835795 215
35 950 21 3 -3.638578 215.4865
45 950 21 3 -2.01557 215
55 950 21 3 -2.758923 215
25 350 22 3 0.2328746 32
35 350 22 3 1.149576 32
45 350 22 3 1.281082 31
55 350 22 3 1.531982 31
65 350 22 3 1.835161 31
25 450 22 3 0.1369657 32
35 450 22 3 1.616871 32
45 450 22 3 2.189607 31
55 450 22 3 2.236077 31
65 450 22 3 2.198497 31
25 550 22 3 1.037291 32
35 550 22 3 2.502868 32
45 550 22 3 3.200458 31
55 550 22 3 2.782085 31
65 550 22 3 3.452537 31
25 650 22 3 1.162186 32
35 650 22 3 2.809523 32
45 650 22 3 3.769666 31
55 650 22 3 3.644849 31
65 650 22 3 4.258319 31
15 750 22 3 0.8688417 32
25 750 22 3 1.951991 32
35 750 22 3 3.960118 32
45 750 22 3 4.285701 31
55 750 22 3 4.464385 31
65 750 22 3 4.360112 31
15 850 22 3 2.383496 32
25 850 22 3 2.778643 32
35 850 22 3 4.46244 32
45 850 22 3 4.873449 31
55 850 22 3 5.389738 31
65 850 22 3 4.368748 31
15 950 22 3 3.091224 32
25 950 22 3 3.705259 32
35 950 22 3 4.347056 32
45 950 22 3 4.547299 31
55 950 22 3 6.453881 31
25 350 23 3 -3.501506 277
35 350 23 3 -2.994088 276
45 350 23 3 -2.800064 276
55 350 23 3 -3.163319 276
65 350 23 3 -3.795422 276
25 450 23 3 -3.477956 277
35 450 23 3 -3.167548 276
45 450 23 3 -3.349241 276
55 450 23 3 -3.549986 276
65 450 23 3 -3.777765 276
25 550 23 3 -3.589816 276.3438
35 550 23 3 -3.461829 276
45 550 23 3 -3.700601 276
55 550 23 3 -3.853421 276
25 650 23 3 -3.651506 276.45
35 650 23 3 -3.687999 276
45 650 23 3 -3.851256 276
55 650 23 3 -3.667584 276
25 750 23 3 -3.788621 276.4571
35 750 23 3 -3.574075 276
45 750 23 3 -3.862646 276
55 750 23 3 -3.073219 276
25 850 23 3 -4.014685 276.4138
35 850 23 3 -3.174168 276
45 850 23 3 -3.553045 276
55 850 23 3 -1.080029 276
25 950 23 3 -4.107645 276
35 950 23 3 -2.810345 276
45 950 23 3 -1.626328 276
55 950 23 3 -1.027055 276
25 350 24 3 3.653285 119
35 350 24 3 3.61229 118
45 350 24 3 3.242631 118
55 350 24 3 2.282094 118
65 350 24 3 2.377632 118
25 450 24 3 3.127124 118.7843
35 450 24 3 4.193421 118
45 450 24 3 2.981091 118
55 450 24 3 2.956325 118
65 450 24 3 2.956804 118
25 550 24 3 3.076906 118.75
35 550 24 3 4.808363 118
45 550 24 3 3.122774 118
55 550 24 3 3.181052 118
65 550 24 3 3.789192 118
25 650 24 3 3.465195 118.6809
35 650 24 3 5.098461 118
45 650 24 3 3.315799 118
55 650 24 3 3.606731 118
65 650 24 3 4.544641 118
25 750 24 3 4.164841 118.6667
35 750 24 3 5.134054 118
45 750 24 3 3.781732 118
55 750 24 3 4.353016 118
25 850 24 3 4.660875 118.6757
35 850 24 3 5.188181 118
45 850 24 3 4.702146 118
55 850 24 3 5.137854 118
15 950 24 3 3.86761 119
25 950 24 3 4.958115 118.7877
35 950 24 3 4.943793 118
45 950 24 3 4.94105 118
55 950 24 3 5.852915 118
-15 350 21 4 -0.9818285 219
-5 350 21 4 -0.8661345 218.6834
5 350 21 4 -0.7500215 218
15 350 21 4 -1.216857 218
-15 450 21 4 -1.050105 219
-5 450 21 4 -1.072564 218.6023
5 450 21 4 -0.9095932 218
15 450 21 4 -0.803695 218
-15 550 21 4 -1.214803 219
-5 550 21 4 -1.030218 218.5915
5 550 21 4 -0.7534567 218
15 550 21 4 -0.7653059 218
-15 650 21 4 -1.223675 219
-5 650 21 4 -0.8962339 218.4068
5 650 21 4 -0.6892766 218
15 650 21 4 -0.7742888 218
-15 750 21 4 -1.222993 219
-5 750 21 4 -0.6292872 218.525
5 750 21 4 -0.6094295 218
15 750 21 4 -0.9117107 218
-15 850 21 4 -1.043168 219
-5 850 21 4 -0.5203018 218.4444
5 850 21 4 -0.6054972 218
15 850 21 4 -1.473825 218
-15 950 21 4 -0.9715254 219
-5 950 21 4 -0.5118384 218.4255
5 950 21 4 -0.5213847 218
15 950 21 4 -1.753128 218
-15 350 22 4 -1.182643 34
-5 350 22 4 -1.028933 33.87179
5 350 22 4 -0.176666 33
15 350 22 4 0.2391497 33
-15 450 22 4 -1.253548 34
-5 450 22 4 -1.039456 33.79167
5 450 22 4 -0.05227096 33
15 450 22 4 -0.3867338 33
-15 550 22 4 -1.32676 34
-5 550 22 4 -0.975832 33.81429
5 550 22 4 0.005271315 33
15 550 22 4 -0.1469671 33
-15 650 22 4 -1.064187 34
-5 650 22 4 -1.258588 33.79661
5 650 22 4 -0.02974211 33
15 650 22 4 0.2455011 33
-15 750 22 4 -0.9901888 34
-5 750 22 4 -1.280171 33.78182
5 750 22 4 -0.5099754 33
15 750 22 4 0.6748386 33
-15 850 22 4 -0.9446172 34
-5 850 22 4 -0.6589694 33.76471
5 850 22 4 -0.2168422 33
15 850 22 4 0.9968242 33
-15 950 22 4 -0.900893 34
-5 950 22 4 -0.4323272 33.94286
5 950 22 4 -0.2689662 33
15 950 22 4 1.743606 33
-15 350 23 4 -2.784407 279
-5 350 23 4 -2.747483 279
5 350 23 4 -2.891801 278.2759
15 350 23 4 -3.157829 278
-15 450 23 4 -2.788095 279
-5 450 23 4 -2.750912 279
5 450 23 4 -2.828017 278.5238
15 450 23 4 -3.310244 278
-15 550 23 4 -2.722901 279
-5 550 23 4 -2.692931 279
5 550 23 4 -2.775079 278.4717
15 550 23 4 -3.45667 278
-15 650 23 4 -2.760887 279
-5 650 23 4 -2.606092 279
5 650 23 4 -2.954656 278.5319
15 650 23 4 -3.581466 278
-15 750 23 4 -2.849088 279
-5 750 23 4 -2.668387 279
5 750 23 4 -3.020571 278.475
15 750 23 4 -3.800549 278
-15 850 23 4 -2.958072 279
-5 850 23 4 -2.489021 279
5 850 23 4 -2.580595 278.5
15 850 23 4 -4.043385 278
-15 950 23 4 -3.142202 279
-5 950 23 4 -2.121747 279
5 950 23 4 -2.230447 278.4301
15 950 23 4 -4.134448 278
-15 350 24 4 -1.557674 121
-5 350 24 4 -1.499074 121
5 350 24 4 -0.7654624 120
15 350 24 4 0.5003359 120
-15 450 24 4 -1.768733 121
-5 450 24 4 -1.456039 120.9259
5 450 24 4 -1.06326 120
15 450 24 4 1.195379 120
-15 550 24 4 -1.556204 121
-5 550 24 4 -1.024745 120.7049
5 550 24 4 -0.6718455 120
15 550 24 4 0.6146114 120
-15 650 24 4 -1.646207 121
-5 650 24 4 -0.8988452 120.7037
5 650 24 4 -0.3261488 120
15 650 24 4 0.7400224 120
-15 750 24 4 -1.789523 121
-5 750 24 4 -0.8935589 120.7059
5 750 24 4 -0.04048031 120
15 750 24 4 0.8998622 120
-15 850 24 4 -2.762519 121
-5 850 24 4 -0.7753248 120.7073
5 850 24 4 0.2508021 120
15 850 24 4 1.427366 120
-15 950 24 4 -3.15091 121
-5 950 24 4 -0.806067 120.3785
5 950 24 4 0.976226 120
15 950 24 4 3.951612 120
-45 350 21 5 -2.321656 220.5319
-35 350 21 5 -1.646465 220
-15 350 21 5 -0.8906648 220
-45 450 21 5 -2.34405 220.75
-35 450 21 5 -2.359432 220
-15 450 21 5 -1.031427 220
-45 550 21 5 -2.282547 220.7818
-35 550 21 5 -2.697587 220
-15 550 21 5 -1.144848 220
-45 650 21 5 -2.518256 220.9035
-35 650 21 5 -2.871977 220
-25 650 21 5 -1.272189 220
-15 650 21 5 -1.22719 220
-45 750 21 5 -2.816723 221
-35 750 21 5 -3.168678 220
-25 750 21 5 -1.320538 220
-15 750 21 5 -1.292012 220
-45 850 21 5 -3.376005 221
-35 850 21 5 -3.307145 220
-25 850 21 5 -1.417687 220
-15 850 21 5 -1.354251 220
-45 950 21 5 -3.518768 221
-35 950 21 5 -3.435059 220
-25 950 21 5 -2.58919 220
-15 950 21 5 -1.621558 220
-55 350 22 5 -3.778925 36
-45 350 22 5 -3.427381 35.86585
-35 350 22 5 -3.047255 35
-25 350 22 5 -2.490123 35
-15 350 22 5 -1.875209 35
-55 450 22 5 -4.043884 36
-45 450 22 5 -3.418989 36
-35 450 22 5 -3.395689 35
-25 450 22 5 -2.814773 35
-15 450 22 5 -2.112228 35
-55 550 22 5 -4.500223 36
-45 550 22 5 -3.570348 36
-35 550 22 5 -3.441073 35
-25 550 22 5 -2.141567 35
-15 550 22 5 -1.552701 35
-55 650 22 5 -4.998301 36
-45 650 22 5 -3.646721 36
-35 650 22 5 -3.408647 35
-25 650 22 5 -1.410597 35
-15 650 22 5 -1.474446 35
-55 750 22 5 -5.240496 36
-45 750 22 5 -3.463611 36
-35 750 22 5 -3.292421 35
-25 750 22 5 -1.449336 35
-15 750 22 5 -1.501114 35
-55 850 22 5 -5.212325 36
-45 850 22 5 -3.080263 36
-35 850 22 5 -3.441773 35
-25 850 22 5 -1.623612 35
-15 850 22 5 -1.629816 35
-55 950 22 5 -5.241616 36
-45 950 22 5 -6.343421 36
-35 950 22 5 -5.376934 35
-25 950 22 5 -2.515277 35
-55 350 23 5 -2.611379 281
-45 350 23 5 -2.53801 280.8322
-35 350 23 5 -2.387785 280
-25 350 23 5 -1.925034 280
-15 350 23 5 -2.000675 280
-55 450 23 5 -2.686749 281
-45 450 23 5 -2.749074 280.8584
-35 450 23 5 -2.653551 280
-25 450 23 5 -2.394421 280
-15 450 23 5 -2.480775 280
-55 550 23 5 -2.698041 281
-45 550 23 5 -3.01178 280.9023
-35 550 23 5 -3.013609 280
-25 550 23 5 -2.455532 280
-15 550 23 5 -2.483347 280
-55 650 23 5 -2.794138 281
-45 650 23 5 -3.011099 280.8916
-35 650 23 5 -2.605666 280
-25 650 23 5 -2.496849 280
-15 650 23 5 -2.546493 280
-55 750 23 5 -2.989157 281
-45 750 23 5 -3.120679 281
-35 750 23 5 -2.737085 280
-25 750 23 5 -2.653878 280
-15 750 23 5 -2.680947 280
-55 850 23 5 -3.272366 281
-45 850 23 5 -3.376759 281
-35 850 23 5 -3.346264 280
-25 850 23 5 -2.959028 280
-15 850 23 5 -2.910052 280
-55 950 23 5 -3.936152 281
-45 950 23 5 -4.051635 281
-35 950 23 5 -3.898916 280
-25 950 23 5 -3.34342 280
-15 950 23 5 -3.033477 280
-45 350 24 5 -3.186768 123
-35 350 24 5 -2.570108 122.4231
-25 350 24 5 -2.249634 122
-15 350 24 5 -2.189986 122
-45 450 24 5 -3.126673 123
-35 450 24 5 -2.983835 122.6667
-25 450 24 5 -2.591678 122
-15 450 24 5 -2.232439 122
-45 550 24 5 -3.24179 123
-35 550 24 5 -3.331495 122.4615
-25 550 24 5 -2.906305 122
-15 550 24 5 -2.360972 122
-45 650 24 5 -3.576511 123
-35 650 24 5 -3.640275 122.3636
-25 650 24 5 -3.397065 122
-15 650 24 5 -2.785346 122
-45 750 24 5 -3.921813 123
-35 750 24 5 -3.733564 122.3611
-25 750 24 5 -3.763756 122
-15 750 24 5 -3.077308 122
-45 850 24 5 -3.942875 123
-35 850 24 5 -4.106854 122.3714
-25 850 24 5 -4.089281 122
-15 850 24 5 -3.785297 122
-45 950 24 5 -4.182899 123
-35 950 24 5 -4.290481 122.5278
-25 950 24 5 -4.242194 122
-15 950 24 5 -3.932918 122
-65 350 21 6 -3.184523 225
-55 350 21 6 -2.500914 224.7868
-45 350 21 6 -2.587554 224
-65 450 21 6 -3.402957 225
-55 450 21 6 -2.968934 224.875
-45 450 21 6 -3.134608 224
-65 550 21 6 -3.453951 225
-55 550 21 6 -3.239755 224.8427
-45 550 21 6 -3.180405 224
-65 650 21 6 -3.464675 225
-55 650 21 6 -3.370894 224.8642
-45 650 21 6 -3.328964 224
-65 750 21 6 -3.408458 225
-55 750 21 6 -3.43585 224.8571
-45 750 21 6 -3.40005 224
-65 850 21 6 -3.382294 225
-55 850 21 6 -3.440271 224.8451
-45 850 21 6 -3.437732 224
-65 950 21 6 -3.352396 225
-55 950 21 6 -3.444892 224.9554
-45 950 21 6 -3.409682 224
-65 350 22 6 -4.266961 40.60504
-55 350 22 6 -3.757129 40.18254
-45 350 22 6 -3.604326 40
-65 450 22 6 -4.668449 40.63107
-55 450 22 6 -4.308381 40.52439
-45 450 22 6 -3.45002 40
-65 550 22 6 -5.030548 40.65476
-55 550 22 6 -4.591404 40.52857
-45 550 22 6 -3.521446 40
-65 650 22 6 -5.234709 40.67143
-55 650 22 6 -4.574767 40.59375
-45 650 22 6 -3.812746 40
-65 750 22 6 -5.331977 40.66129
-55 750 22 6 -4.807266 40.54
-65 850 22 6 -5.398506 40.65
-55 850 22 6 -5.061027 40.48649
-65 950 22 6 -5.633751 40.56604
-55 950 22 6 -5.230049 40.53623
-65 350 23 6 -3.090443 283.5024
-55 350 23 6 -2.76351 283.3908
-45 350 23 6 -2.681149 283
-65 450 23 6 -3.397101 283.4872
-55 450 23 6 -3.130783 283.4609
-45 450 23 6 -2.943642 283
-65 550 23 6 -3.551407 283.4792
-55 550 23 6 -3.408443 283.6
-45 550 23 6 -3.125123 283
-65 650 23 6 -3.674296 283.425
-55 650 23 6 -3.599303 283.3158
-45 650 23 6 -3.271934 283
-65 750 23 6 -3.677766 283.4545
-55 750 23 6 -3.689707 283.3673
-45 750 23 6 -3.45813 283
-65 850 23 6 -3.636025 283.4865
-55 850 23 6 -3.726407 283.5747
-45 850 23 6 -3.42867 283
-65 950 23 6 -3.631778 283.4028
-55 950 23 6 -3.863179 283.3037
-45 950 23 6 -3.333078 283
-65 350 24 6 -3.70365 126
-55 350 24 6 -3.43303 125.4277
-45 350 24 6 -3.659072 125
-65 450 24 6 -3.989308 126
-55 450 24 6 -3.553031 125.4375
-45 450 24 6 -3.946617 125
-65 550 24 6 -4.081197 126
-55 550 24 6 -3.677557 125.5054
-45 550 24 6 -4.027433 125
-65 650 24 6 -4.156325 126
-55 650 24 6 -3.790543 125.6
-45 650 24 6 -4.109927 125
-65 750 24 6 -4.283198 126
-55 750 24 6 -4.004221 125.5921
-45 750 24 6 -4.346092 125
-65 850 24 6 -4.418107 126
-55 850 24 6 -4.259706 125.5714
-45 850 24 6 -4.382742 125
-65 950 24 6 -4.429643 126
-55 950 24 6 -4.315842 125.5111
-45 950 24 6 -3.990639 125
-55 350 21 7 -2.788666 227
-45 350 21 7 -2.68188 227
-35 350 21 7 -1.686739 227
-25 350 21 7 -1.324046 227
-15 350 21 7 -1.829708 227
-5 350 21 7 -1.866842 227
-55 450 21 7 -2.998462 227
-45 450 21 7 -2.922835 227
-35 450 21 7 -1.943468 227
-25 450 21 7 -1.326268 227
-15 450 21 7 -1.255806 227
-5 450 21 7 -1.237318 227
-55 550 21 7 -3.163392 227
-45 550 21 7 -3.126737 227
-35 550 21 7 -2.065727 227
-25 550 21 7 -1.480178 227
-15 550 21 7 -1.310883 227
-5 550 21 7 -0.949092 227
-55 650 21 7 -3.198372 227
-45 650 21 7 -3.218214 227
-35 650 21 7 -2.387387 227
-25 650 21 7 -1.889905 227
-15 650 21 7 -1.005459 227
-5 650 21 7 -1.169607 227
-55 750 21 7 -3.246333 227
-45 750 21 7 -3.287937 227
-35 750 21 7 -2.85279 227
-25 750 21 7 -1.980458 227
-15 750 21 7 -1.146705 227
-55 850 21 7 -3.28119 227
-45 850 21 7 -3.295297 227
-35 850 21 7 -3.23351 227
-25 850 21 7 -2.424641 227
-15 850 21 7 -1.261878 227
-55 950 21 7 -3.259551 227
-45 950 21 7 -3.33333 227
-35 950 21 7 -3.348091 227
-25 950 21 7 -2.702292 227
-15 950 21 7 -1.006903 227
-55 350 22 7 -3.215111 43
-45 350 22 7 -3.173558 43
-35 350 22 7 -3.336985 43
-25 350 22 7 -2.759633 43
-15 350 22 7 -2.303729 43
-5 350 22 7 -0.2047195 43
-55 450 22 7 -3.536509 43
-45 450 22 7 -3.22089 43
-35 450 22 7 -2.954021 43
-25 450 22 7 -4.771871 43
-15 450 22 7 -4.408876 43
-5 450 22 7 -1.852228 43
-55 550 22 7 -4.04412 43
-45 550 22 7 -3.498238 43
-35 550 22 7 -2.874801 43
-25 550 22 7 -4.599856 43
-15 550 22 7 -3.613412 43
-5 550 22 7 0.5150532 43
-55 650 22 7 -4.299843 43
-45 650 22 7 -3.705812 43
-35 650 22 7 -3.120686 43
-25 650 22 7 -3.274541 43
-15 650 22 7 -2.973648 43
-5 650 22 7 2.631096 43
-55 750 22 7 -4.493608 43
-45 750 22 7 -4.124002 43
-35 750 22 7 -3.231354 43
-25 750 22 7 -3.589273 43
-15 750 22 7 -3.585345 43
-5 750 22 7 2.798515 43
-55 850 22 7 -4.726324 43
-45 850 22 7 -4.327024 43
-35 850 22 7 -3.493542 43
-15 850 22 7 -3.582773 43
-5 850 22 7 -0.553661 43
-55 950 22 7 -4.765055 43
-45 950 22 7 -4.797479 43
-35 950 22 7 -3.686188 43
-15 950 22 7 -3.566327 43
-5 950 22 7 -3.116937 43
-65 350 23 7 -3.260962 286
-55 350 23 7 -3.062414 286
-65 450 23 7 -3.433223 286
-55 450 23 7 -3.429979 286
-65 550 23 7 -3.510175 286
-55 550 23 7 -3.509379 286
-65 650 23 7 -3.566079 286
-55 650 23 7 -3.536732 286
-65 750 23 7 -3.606116 286
-55 750 23 7 -3.547493 286
-65 850 23 7 -3.574904 286
-55 850 23 7 -3.725316 286
-65 950 23 7 -3.568054 286
-55 950 23 7 -3.674204 286
-65 350 24 7 -3.856639 128
-55 350 24 7 -3.347619 128
-65 450 24 7 -4.183357 128
-55 450 24 7 -3.660327 128
-65 550 24 7 -4.229647 128
-55 550 24 7 -3.873485 128
-65 650 24 7 -4.287666 128
-55 650 24 7 -4.174622 128
-65 750 24 7 -4.399583 128
-55 750 24 7 -4.279416 128
-65 850 24 7 -4.497795 128
-55 850 24 7 -4.339404 128
-65 950 24 7 -4.527596 128
-55 950 24 7 -4.239427 128
-5 350 21 8 -2.016866 229
5 350 21 8 -3.236724 229
15 350 21 8 -4.446133 229
25 350 21 8 -3.257176 229
35 350 21 8 -2.365471 229
-5 450 21 8 -1.773753 229
5 450 21 8 -3.407765 229
15 450 21 8 -4.490124 229
25 450 21 8 -2.951386 229
35 450 21 8 -2.695733 229
-5 550 21 8 -1.246564 229
5 550 21 8 -3.387687 229
15 550 21 8 -4.224172 229
25 550 21 8 -3.097289 229
35 550 21 8 -2.84047 229
-5 650 21 8 -0.9510665 229
5 650 21 8 -2.73293 229
15 650 21 8 -4.590173 229
25 650 21 8 -3.601442 229
35 650 21 8 -3.086261 229
-5 750 21 8 1.547472 229
5 750 21 8 -2.216918 229
15 750 21 8 -4.569397 229
25 750 21 8 -4.268335 229
35 750 21 8 -3.725476 229
-5 850 21 8 0.4611994 229
5 850 21 8 -1.39595 229
15 850 21 8 -4.174844 229
25 850 21 8 -4.204446 229
35 850 21 8 -4.391812 229
-5 950 21 8 -1.221449 229
5 950 21 8 -0.399116 229
15 950 21 8 -3.50305 229
25 950 21 8 -5.402728 229
35 950 21 8 -5.474603 229
-5 350 22 8 -1.827401 45
5 350 22 8 -0.003565742 45
15 350 22 8 -0.02758267 45
25 350 22 8 0.1871932 45
35 350 22 8 0.3249948 45
-5 450 22 8 0.7535298 45
5 450 22 8 0.02395852 45
15 450 22 8 0.1815371 45
25 450 22 8 0.5282655 45
35 450 22 8 0.2854897 45
-5 550 22 8 0.8983477 45
5 550 22 8 0.9894937 45
15 550 22 8 0.5894132 45
25 550 22 8 0.7386057 45
35 550 22 8 0.3308596 45
-5 650 22 8 2.125237 45
5 650 22 8 2.102218 45
15 650 22 8 0.6394735 45
25 650 22 8 1.098477 45
35 650 22 8 0.9093373 45
-5 750 22 8 3.618469 45
5 750 22 8 4.873466 45
15 750 22 8 1.296842 45
25 750 22 8 1.09544 45
35 750 22 8 2.139933 45
-5 850 22 8 0.7799852 45
5 850 22 8 4.455827 45
15 850 22 8 1.313267 45
25 850 22 8 1.840537 45
35 850 22 8 3.343791 45
-5 950 22 8 -2.104308 45
5 950 22 8 2.91138 45
15 950 22 8 2.52745 45
25 950 22 8 2.750857 45
35 950 22 8 3.945191 45
-55 350 23 8 -3.060133 289
-45 350 23 8 -2.562531 289
-35 350 23 8 -2.611523 289
-25 350 23 8 -2.662652 289
-15 350 23 8 -2.5149 289
-5 350 23 8 -2.899769 289
-55 450 23 8 -3.400312 289
-45 450 23 8 -2.65944 289
-35 450 23 8 -2.503538 289
-25 450 23 8 -2.565154 289
-15 450 23 8 -2.438605 289
-5 450 23 8 -0.2553503 289
-45 550 23 8 -2.685119 289
-35 550 23 8 -2.500931 289
-25 550 23 8 -2.457818 289
-15 550 23 8 -2.623163 289
-5 550 23 8 0.3745203 289
-45 650 23 8 -2.949255 289
-35 650 23 8 -2.660317 289
-25 650 23 8 -2.438285 289
-15 650 23 8 -2.560084 289
-5 650 23 8 -0.04402403 289
-45 750 23 8 -3.13323 289
-35 750 23 8 -2.929217 289
-25 750 23 8 -2.383675 289
-15 750 23 8 -1.894761 289
-5 750 23 8 0.1872589 289
-45 850 23 8 -3.336217 289
-35 850 23 8 -3.190722 289
-25 850 23 8 -3.08063 289
-15 850 23 8 -2.866349 289
-5 850 23 8 -0.8477457 289
-45 950 23 8 -3.955866 289
-35 950 23 8 -3.686236 289
-25 950 23 8 -3.384866 289
-15 950 23 8 -3.017204 289
-5 950 23 8 -2.297091 289
-55 350 24 8 -3.910806 131
-45 350 24 8 -3.52738 131
-35 350 24 8 -2.616035 131
-25 350 24 8 -1.658084 131
-15 350 24 8 -1.181697 131
-5 350 24 8 -0.0238433 131
-55 450 24 8 -4.079006 131
-45 450 24 8 -3.612521 131
-35 450 24 8 -2.974834 131
-25 450 24 8 -1.87343 131
-15 450 24 8 -1.729523 131
-5 450 24 8 -0.4983138 131
-55 550 24 8 -4.045804 131
-45 550 24 8 -3.673903 131
-35 550 24 8 -3.430133 131
-25 550 24 8 -2.038947 131
-15 550 24 8 -2.273294 131
-5 550 24 8 -1.650753 131
-55 650 24 8 -4.174931 131
-45 650 24 8 -3.860776 131
-35 650 24 8 -4.387033 131
-25 650 24 8 -2.665168 131
-15 650 24 8 -3.024893 131
-5 650 24 8 -1.99818 131
-55 750 24 8 -4.312461 131
-45 750 24 8 -4.009222 131
-35 750 24 8 -4.682963 131
-25 750 24 8 -3.34089 131
-15 750 24 8 -3.301577 131
-5 750 24 8 -1.822247 131
-55 850 24 8 -4.360676 131
-45 850 24 8 -4.183708 131
-35 850 24 8 -4.415213 131
-25 850 24 8 -3.889557 131
-15 850 24 8 -3.734216 131
-55 950 24 8 -4.447154 131
-45 950 24 8 -4.180317 131
-35 950 24 8 -4.443432 131
-25 950 24 8 -4.011865 131
-15 950 24 8 -3.847947 131
45 350 21 9 -2.517338 232
55 350 21 9 -5.890355 232
65 350 21 9 -5.464003 232
75 350 21 9 -6.207719 232
35 450 21 9 -2.593932 232
45 450 21 9 -3.098268 232
55 450 21 9 -5.358881 232
65 450 21 9 -6.61783 232
75 450 21 9 -7.307367 232
35 550 21 9 -2.880784 232
45 550 21 9 -4.567059 232
65 550 21 9 -6.838151 232
75 550 21 9 -7.882623 232
35 650 21 9 -3.113884 232
45 650 21 9 -5.360585 232
65 650 21 9 -7.476053 232
75 650 21 9 -8.924978 232
45 750 21 9 -6.358881 232
65 750 21 9 -8.841511 232
75 750 21 9 -8.934257 232
45 850 21 9 -6.902678 232
65 850 21 9 -8.24845 232
75 850 21 9 -9.796327 232
45 950 21 9 -6.584572 232
75 950 21 9 -10.12613 232
35 350 22 9 0.3811257 48
45 350 22 9 0.4653729 48
55 350 22 9 1.840652 48
65 350 22 9 1.811841 48
75 350 22 9 1.978912 48
35 450 22 9 0.4557639 48
45 450 22 9 0.3826858 48
55 450 22 9 1.953932 48
65 450 22 9 3.587643 48
75 450 22 9 3.091134 48
35 550 22 9 0.588233 48
45 550 22 9 0.4388219 48
55 550 22 9 2.36444 48
65 550 22 9 3.306494 48
75 550 22 9 3.417719 48
35 650 22 9 1.599291 48
45 650 22 9 0.9223256 48
55 650 22 9 2.372362 48
65 650 22 9 3.411437 48
75 650 22 9 3.775173 48
35 750 22 9 2.583419 48
45 750 22 9 1.421741 48
55 750 22 9 2.541872 48
65 750 22 9 3.884635 48
75 750 22 9 4.244101 48
35 850 22 9 3.177497 48
45 850 22 9 2.50543 48
55 850 22 9 3.101464 48
65 850 22 9 4.679207 48
75 850 22 9 5.456462 48
35 950 22 9 3.611077 48
45 950 22 9 3.595737 48
55 950 22 9 3.920827 48
65 950 22 9 5.798338 48
75 950 22 9 4.718107 48
-5 350 23 9 -3.380767 291
5 350 23 9 -3.876508 291
15 350 23 9 -4.483826 291
-5 450 23 9 -2.902354 291
5 450 23 9 -3.816218 291
15 450 23 9 -4.564069 291
-5 550 23 9 -1.582713 291
5 550 23 9 -4.141802 291
15 550 23 9 -5.256735 291
-5 650 23 9 0.4546883 291
5 650 23 9 -3.546642 291
15 650 23 9 -4.830496 291
-5 750 23 9 -0.1457955 291
5 750 23 9 -4.400462 291
15 750 23 9 -5.019354 291
-5 850 23 9 -2.864803 291
5 850 23 9 -4.155586 291
15 850 23 9 -4.004675 291
-5 950 23 9 -2.306964 291
5 950 23 9 -5.989089 291
15 950 23 9 -3.204021 291
-5 350 24 9 -0.1098059 133
5 350 24 9 0.6959304 133
15 350 24 9 0.9895358 133
25 350 24 9 1.839846 133
35 350 24 9 2.312414 133
-5 450 24 9 -0.842271 133
5 450 24 9 0.8406586 133
15 450 24 9 1.561429 133
25 450 24 9 1.878698 133
35 450 24 9 2.737312 133
-5 550 24 9 -0.9306272 133
5 550 24 9 0.9944977 133
15 550 24 9 2.143451 133
25 550 24 9 2.112133 133
35 550 24 9 2.924456 133
-5 650 24 9 -1.765327 133
5 650 24 9 1.165926 133
15 650 24 9 2.910064 133
25 650 24 9 2.723297 133
35 650 24 9 3.317632 133
-5 750 24 9 -1.791415 133
5 750 24 9 3.089536 133
15 750 24 9 4.948324 133
25 750 24 9 2.914636 133
35 750 24 9 3.666534 133
-5 850 24 9 -1.997339 133
5 850 24 9 2.420868 133
15 850 24 9 5.470793 133
25 850 24 9 3.307043 133
-5 950 24 9 -2.329768 133
5 950 24 9 2.499652 133
15 950 24 9 3.485398 133
25 950 24 9 3.634925 133
65 350 22 10 0.4119813 49
75 350 22 10 1.441824 49
65 450 22 10 2.944006 49
75 450 22 10 3.141845 49
65 550 22 10 3.303101 49
75 550 22 10 4.043571 49
65 650 22 10 3.782378 49
75 650 22 10 5.04722 49
65 750 22 10 5.423163 49
75 750 22 10 6.270428 49
65 850 22 10 7.87361 49
75 850 22 10 6.350692 49
65 950 22 10 8.3178 49
75 950 22 10 7.281687 49
15 350 23 10 -4.140889 292
25 350 23 10 -4.482546 292
35 350 23 10 -3.436114 292
5 450 23 10 -4.856816 292
15 450 23 10 -4.301521 292
25 450 23 10 -3.894719 292
35 450 23 10 -3.292188 292
5 550 23 10 -5.453031 292
15 550 23 10 -4.637056 292
25 550 23 10 -3.413254 292
35 550 23 10 -3.089219 292
5 650 23 10 -5.547938 292
15 650 23 10 -4.546949 292
25 650 23 10 -3.283137 292
35 650 23 10 -2.700693 292
5 750 23 10 -4.848574 292
15 750 23 10 -4.332142 292
25 750 23 10 -3.380589 292
35 750 23 10 -2.566206 292
5 850 23 10 -5.144578 292
15 850 23 10 -3.983033 292
25 850 23 10 -2.825252 292
35 850 23 10 -1.801931 292
5 950 23 10 -4.235432 292
15 950 23 10 -2.863952 292
25 950 23 10 -2.550873 292
35 950 23 10 -1.326631 292
45 350 24 10 2.708404 136
55 350 24 10 2.690503 136
65 350 24 10 2.775958 136
35 450 24 10 2.812266 136
45 450 24 10 2.695636 136
55 450 24 10 2.781443 136
65 450 24 10 3.585877 136
35 550 24 10 3.029718 136
45 550 24 10 3.245213 136
55 550 24 10 2.929543 136
65 550 24 10 3.872035 136
35 650 24 10 2.870798 136
45 650 24 10 3.401458 136
55 650 24 10 3.035812 136
65 650 24 10 3.942465 136
35 750 24 10 3.117486 136
45 750 24 10 3.280412 136
55 750 24 10 3.39458 136
65 750 24 10 3.978499 136
35 850 24 10 3.419876 136
45 850 24 10 3.166156 136
55 850 24 10 3.677013 136
65 850 24 10 4.2233 136
45 950 24 10 3.026552 136
55 950 24 10 3.382648 136
65 950 24 10 4.366752 136
35 350 22 11 0.08361614 51
45 350 22 11 2.09629 51
55 350 22 11 2.985822 51
65 350 22 11 3.313883 51
35 450 22 11 0.9372931 51
45 450 22 11 2.831267 51
55 450 22 11 3.455756 51
65 450 22 11 3.565118 51
35 550 22 11 1.91965 51
45 550 22 11 3.537686 51
55 550 22 11 3.792517 51
65 550 22 11 3.778963 51
35 650 22 11 2.981284 51
45 650 22 11 3.788037 51
55 650 22 11 4.293066 51
65 650 22 11 4.255026 51
35 750 22 11 2.801179 51
45 750 22 11 3.936844 51
55 750 22 11 4.35553 51
65 750 22 11 4.485581 51
35 850 22 11 2.554746 51
45 850 22 11 4.288516 51
55 850 22 11 5.086484 51
65 850 22 11 6.432538 51
45 950 22 11 4.472667 51
55 950 22 11 5.594892 51
45 350 23 11 -3.299437 295
55 350 23 11 -2.405986 295
65 350 23 11 -2.755459 295
35 450 23 11 -3.302577 295
45 450 23 11 -3.213526 295
55 450 23 11 -2.179391 295
65 450 23 11 -1.988237 295
35 550 23 11 -3.207036 295
45 550 23 11 -2.883127 295
55 550 23 11 -1.609763 295
65 550 23 11 -0.6095712 295
35 650 23 11 -3.036181 295
45 650 23 11 -2.542838 295
55 650 23 11 -0.9255892 295
65 650 23 11 -0.09919294 295
35 750 23 11 -2.85081 295
45 750 23 11 -1.349729 295
55 750 23 11 -1.023648 295
65 750 23 11 -0.9242305 295
35 850 23 11 -2.765122 295
45 850 23 11 0.1198987 295
55 850 23 11 -1.129863 295
65 850 23 11 -0.6811273 295
35 950 23 11 -2.524778 295
45 950 23 11 0.17161 295
55 950 23 11 -1.090355 295
65 950 23 11 -0.2134897 295
45 350 24 11 3.115228 137
65 350 24 11 3.068354 137
45 450 24 11 3.076657 137
65 450 24 11 3.66262 137
45 550 24 11 3.262219 137
65 550 24 11 4.150463 137
45 650 24 11 3.848259 137
65 650 24 11 4.203493 137
45 750 24 11 4.234263 137
65 750 24 11 4.324022 137
45 850 24 11 4.033422 137
65 850 24 11 4.490471 137
45 950 24 11 4.073235 137
65 950 24 11 4.577711 137
45 350 23 12 -2.914168 297
55 350 23 12 -2.966516 297
65 350 23 12 -2.554571 297
75 350 23 12 -2.413704 297
45 450 23 12 -2.918256 297
55 450 23 12 -2.449264 297
65 450 23 12 -2.200059 297
75 450 23 12 -1.818416 297
45 550 23 12 -2.700992 297
55 550 23 12 -2.007681 297
65 550 23 12 -1.956473 297
75 550 23 12 -1.529317 297
45 650 23 12 -2.658349 297
55 650 23 12 -1.264468 297
65 650 23 12 -1.632258 297
75 650 23 12 -1.689859 297
45 750 23 12 -2.478004 297
55 750 23 12 0.9515877 297
65 750 23 12 -2.056246 297
75 750 23 12 -2.248802 297
55 850 23 12 3.860772 297
65 850 23 12 -1.652239 297
75 850 23 12 -1.985709 297
55 950 23 12 6.798189 297
65 950 23 12 -1.901106 297
75 950 23 12 -0.9895336 297
45 350 24 12 2.349869 138
55 350 24 12 2.855111 138
65 350 24 12 3.454168 138.1633
75 350 24 12 3.074547 138
45 450 24 12 2.740324 138
65 450 24 12 4.283831 138.1897
75 450 24 12 3.847024 138
45 550 24 12 3.209199 138
65 550 24 12 4.520185 138.1719
75 550 24 12 4.189271 138
45 650 24 12 2.69924 138
65 650 24 12 4.820577 138.5147
75 650 24 12 4.508682 138
45 750 24 12 2.502255 138
65 750 24 12 4.944028 138.325
75 750 24 12 4.681764 138
65 850 24 12 5.028447 138.4444
75 850 24 12 5.056388 138
65 950 24 12 4.547158 138.1932
75 950 24 12 5.882283 138
35 350 23 13 -3.022471 299.5392
45 350 23 13 -3.367638 299
55 350 23 13 -3.065035 299
65 350 23 13 -2.754666 299
35 450 23 13 -3.049484 299.1087
45 450 23 13 -3.345722 299
55 450 23 13 -2.921665 299
65 450 23 13 -2.505243 299
35 550 23 13 -3.143319 299
45 550 23 13 -3.102112 299
55 550 23 13 -2.834729 299
65 550 23 13 -1.737146 299
35 650 23 13 -3.272422 299
45 650 23 13 -2.779594 299
55 650 23 13 -2.446813 299
65 650 23 13 -1.237776 299
35 750 23 13 -3.108515 299
45 750 23 13 -2.460989 299
55 750 23 13 -2.238668 299
65 750 23 13 -0.7849375 299
35 850 23 13 -2.814217 299
45 850 23 13 -2.404919 299
55 850 23 13 -1.403535 299
65 850 23 13 -0.6099082 299
35 950 23 13 -2.125455 299
45 950 23 13 -2.230626 299
55 950 23 13 -0.8019598 299
35 350 24 13 2.74308 140
45 350 24 13 2.570472 140
55 350 24 13 3.460255 140
65 350 24 13 3.709602 140
35 450 24 13 2.967807 140
45 450 24 13 2.986434 140
55 450 24 13 4.520504 140
65 450 24 13 4.88582 140
35 550 24 13 3.533369 140
45 550 24 13 3.495884 140
55 550 24 13 5.18519 140
65 550 24 13 5.458901 140
35 650 24 13 3.51815 140
45 650 24 13 4.002487 140
55 650 24 13 5.560854 140
65 650 24 13 5.395408 140
35 750 24 13 3.22228 140
45 750 24 13 4.556049 140
55 750 24 13 5.625844 140
65 750 24 13 5.117539 140
35 850 24 13 3.100241 140
45 850 24 13 5.169968 140
55 850 24 13 5.518933 140
35 950 24 13 3.260732 140
45 950 24 13 4.941398 140
55 950 24 13 5.083385 140
