-65 -55 -45 -35 -25 -15 -5 5 15 25 35 45 55 65 75
350 450 550 650 750 850 950
-3.300263 -3.574371 -3.76943 -3.917881 -4.077132 -4.194998 -4.288922
-2.949762 -3.288391 -3.500151 -3.669485 -3.856032 -4.044858 -4.091685
-2.819571 -2.961719 -3.117275 -3.272481 -3.387272 -3.565576 -3.890194
-2.401329 -2.551201 -2.699598 -2.852917 -2.999518 -3.241303 -3.626973
-2.204065 -2.52144 -2.526808 -2.362739 -2.411103 -2.602165 -2.935264
-1.731832 -2.005732 -2.099245 -1.881133 -1.899393 -2.250889 -2.493049
-1.576064 -1.246071 -0.7229486 -0.3223042 -0.3448173 -0.9455331 -1.61808
-1.170994 -1.321311 -1.296133 -1.00196 -0.8337256 -0.733152 -0.6926317
-1.015416 -0.9434381 -0.9471945 -0.9454167 -0.7482551 -0.3582334 0.2640891
-0.5430132 -0.3434924 -0.1572433 0.01813644 0.07902815 0.3295377 0.6103171
-0.162366 -0.001811186 0.1885216 0.2076437 0.4062096 0.3914216 0.4385623
0.1718961 0.3609591 0.5027997 0.5899473 0.7603235 0.7265827 1.121484
-0.02579722 0.3598092 0.7674778 1.11457 1.484697 1.870592 2.287018
-0.2094391 0.02893112 0.2233159 0.3083783 0.7401104 0.7579194 3.054543
-0.8536023 -0.3981834 -0.2724014 -0.2136621 -0.02353428 0.1558282 0.8217795
