lat camp flt x yday
5 21 1 -0.8778366 210
15 21 1 -0.7220904 210
25 21 1 -0.3362257 210
35 21 1 NA 210
5 22 1 -1.067302 25
15 22 1 0.3655617 25.69633
25 22 1 1.477832 25.9619
35 22 1 2.943855 25.85816
-5 23 1 NA 270
5 23 1 -2.866841 270
15 23 1 -3.772556 270
25 23 1 -3.770932 270
35 23 1 -3.569025 270.5467
5 24 1 0.8848786 113
15 24 1 2.211017 113
25 24 1 2.376078 113
35 24 1 NA 113.2032
35 21 2 NA 213
45 21 2 NA 213
65 21 2 NA 213.2224
75 21 2 -8.464087 213
35 22 2 1.602289 28
45 22 2 2.704503 28
55 22 2 4.335825 28
65 22 2 4.143268 29
75 22 2 4.775602 29
35 23 2 -3.820921 273
45 23 2 -3.656042 273
55 23 2 -4.16809 273
65 23 2 -3.865315 274
75 23 2 -4.133588 273.8494
35 24 2 4.362015 116
45 24 2 4.621241 116
55 24 2 5.523808 116
65 24 2 5.920164 117
75 24 2 6.077878 116.4878
25 21 3 -0.9897218 216
35 21 3 -2.187076 215.4057
45 21 3 -2.916455 215
55 21 3 -4.668165 215
65 21 3 -8.056049 215
15 22 3 NA 32
25 22 3 1.84211 32
35 22 3 3.089484 32
45 22 3 3.572488 31
55 22 3 4.007109 31
65 22 3 3.759141 31
25 23 3 -3.751617 276.5235
35 23 3 -3.383682 276
45 23 3 -3.234785 276
55 23 3 -3.235739 276
65 23 3 NA 276
15 24 3 NA 119
25 24 3 4.176227 118.7636
35 24 3 4.905052 118
45 24 3 4.221033 118
55 24 3 4.240589 118
65 24 3 NA 118
-15 21 4 -1.249796 219
-5 21 4 -0.9989677 218.5256
5 21 4 -0.8357201 218
15 21 4 -1.071893 218
-15 22 4 -1.648827 34
-5 22 4 -1.376144 33.82339
5 22 4 -0.213051 33
15 22 4 0.6053346 33
-15 23 4 -2.661296 279
-5 23 4 -2.482943 279
5 23 4 -2.680791 278.4583
15 23 4 -3.580178 278
-15 24 4 -2.076538 121
-5 24 4 -1.576036 120.7323
5 24 4 -0.5857061 120
15 24 4 1.339051 120
-45 21 5 -2.994553 220.8525
-35 21 5 -2.880186 220
-25 21 5 NA 220
-15 21 5 -1.307874 220
-55 22 5 -4.549325 36
-45 22 5 -3.168388 35.98084
-35 22 5 -3.667857 35
-25 22 5 -2.701057 35
-15 22 5 -2.01554 35
-55 23 5 -2.977511 281
-45 23 5 -3.183073 280.9263
-35 23 5 -2.930241 280
-25 23 5 -2.579663 280
-15 23 5 -2.5836 280
-45 24 5 -3.197991 123
-35 24 5 -3.119181 122.4536
-25 24 5 -3.09977 122
-15 24 5 -2.866586 122
-65 21 6 -3.139249 225
-55 21 6 -3.196828 224.8609
-45 21 6 -3.270527 224
-65 22 6 -4.447754 40.63423
-55 22 6 -4.274767 40.48457
-45 22 6 NA 40
-65 23 6 -3.188554 283.4625
-55 23 6 -3.196353 283.4305
-45 23 6 -2.96425 283
-65 24 6 -3.484034 126
-55 24 6 -3.379634 125.5208
-45 24 6 -3.315452 125
-55 21 7 -3.028569 227
-45 21 7 -2.973609 227
-35 21 7 -2.617692 227
-25 21 7 -2.006799 227
-15 21 7 -1.297745 227
-5 21 7 NA 227
-55 22 7 -3.830586 43
-45 22 7 -3.816352 43
-35 22 7 -3.361367 43
-25 22 7 -4.087686 43
-15 22 7 -3.387421 43
-5 22 7 -0.7300048 43
-65 23 7 -3.163397 286
-55 23 7 -3.215156 286
-65 24 7 -3.575139 128
-55 24 7 -3.427593 128
-5 21 8 -1.144403 229
5 21 8 -1.712977 229
15 21 8 -2.972135 229
25 21 8 -3.475184 229
35 21 8 -2.752129 229
-5 22 8 1.860913 45
5 22 8 2.224785 45
15 22 8 1.186117 45
25 22 8 1.344294 45
35 22 8 1.225246 45
-55 23 8 NA 289
-45 23 8 -3.068036 289
-35 23 8 -2.932428 289
-25 23 8 -2.680658 289
-15 23 8 -2.318242 289
-5 23 8 -0.08849537 289
-55 24 8 -3.434978 131
-45 24 8 -3.184232 131
-35 24 8 -3.156051 131
-25 24 8 -2.693568 131
-15 24 8 -2.796251 131
-5 24 8 -1.200664 131
35 21 9 NA 232
45 21 9 -3.911099 232
55 21 9 NA 232
65 21 9 -7.755095 232
75 21 9 -8.285354 232
35 22 9 1.904777 48
45 22 9 1.429328 48
55 22 9 1.54314 48
65 22 9 3.178322 48
75 22 9 3.405686 48
-5 23 9 -1.328293 291
5 23 9 -4.279787 291
15 23 9 -4.2385 291
-5 24 9 -1.320307 133
5 24 9 0.8681877 133
15 24 9 2.536809 133
25 24 9 2.546053 133
35 24 9 3.481006 133
65 22 10 5.22241 49
75 22 10 4.598502 49
5 23 10 -4.711169 292
15 23 10 -3.947682 292
25 23 10 -3.186845 292
35 23 10 -2.503846 292
35 24 10 3.055528 136
45 24 10 3.290937 136
55 24 10 3.301732 136
65 24 10 4.032861 136
35 22 11 2.394251 51
45 22 11 3.573334 51
55 22 11 4.058032 51
65 22 11 4.231475 51
35 23 11 -2.889269 295
45 23 11 -2.236156 295
55 23 11 -1.95541 295
65 23 11 -1.471214 295
45 24 11 4.2005 137
65 24 11 4.315032 137
45 23 12 -2.486719 297
55 23 12 -0.3010121 297
65 23 12 -1.956883 297
75 23 12 -1.897083 297
45 24 12 3.795202 138
55 24 12 NA 138
65 24 12 5.062325 138.286
75 24 12 4.660123 138
35 23 13 -2.684802 299.0926
45 23 13 -2.633363 299
55 23 13 -2.194636 299
65 23 13 -1.947769 299
35 24 13 3.441353 140
45 24 13 4.322811 140
55 24 13 5.090345 140
65 24 13 4.898351 140
