-65 -55 -45 -35 -25 -15 -5 5 15 25 35 45 55 65 75
350 450 550 650 750 850 950
0.8335615 1.154979 1.292923 1.346723 1.428944 1.621454 2.122854
0.7734187 0.9349723 1.071239 1.366677 1.518194 1.612555 1.518911
0.5945865 0.5297864 0.4878559 0.5015294 0.6455436 0.6454795 0.3123885
1.442532 1.125703 0.8765777 0.7309873 0.5617108 0.4552473 0.2835835
1.241676 2.559117 1.970716 1.53338 1.085594 0.7618752 1.164168
0.4253326 1.473906 1.346167 0.973731 0.7186725 0.5565375 0.8920326
2.283471 1.204953 1.334048 3.19261 3.568504 1.218664 0.481117
3.669843 4.126954 4.393382 4.309902 4.981748 4.954825 4.396239
5.534912 5.846634 5.771235 5.807269 6.574258 7.144718 7.539889
6.411161 6.442636 6.448367 6.578905 7.093678 7.843873 8.950329
6.645931 7.062993 7.371088 7.695841 8.14121 8.472371 8.503143
7.067534 7.569357 7.999769 8.287244 8.599027 9.200968 9.004626
8.161608 8.52674 8.245323 8.480056 8.811773 8.917361 8.932671
9.165344 10.36179 11.45828 12.06715 11.58131 12.78218 9.852795
9.573641 11.49558 12.08923 12.79629 13.30467 13.73803 15.36181
