-65 -55 -45 -35 -25 -15 -5 5 15 25 35 45 55 65 75
350 450 550 650 750 850 950
-2.950283 -3.083708 -3.177802 -3.263505 -3.349341 -3.46506 -3.603052
-2.808317 -2.92428 -3.009699 -3.134189 -3.214416 -3.277157 -3.268034
-2.687901 -2.663969 -2.697409 -2.771586 -2.888932 -2.958542 -3.185162
-2.444859 -2.590029 -2.656307 -2.622672 -2.635434 -2.822173 -3.037838
-2.035673 -2.245153 -2.417309 -2.492072 -2.59049 -2.652114 -2.766072
-1.712037 -2.016218 -2.076571 -2.11054 -2.224311 -2.192994 -2.332082
-1.50966 -1.587911 -1.239808 -0.8393518 -0.5863398 -1.102313 -1.57466
-1.206787 -1.224264 -1.077025 -0.9241657 -0.785597 -0.6691989 -0.7208031
-0.954406 -0.8747556 -0.7785354 -0.5861829 -0.2411394 0.107185 0.6910987
-0.1414334 -0.059124 0.05975671 0.2490808 0.3870663 0.7021207 0.8726461
0.3653694 0.6428553 0.7545331 0.8312891 1.097316 1.171133 1.529248
0.8129737 0.8766751 0.9743716 1.176886 1.416967 1.805355 2.412593
0.7044316 1.082883 1.489538 1.708624 1.991055 2.326819 2.75872
0.4481316 0.8539408 0.9365251 1.229766 1.737891 1.703236 3.662077
-0.0260069 0.6205816 0.796002 0.9270283 1.076253 1.379478 2.300634
