-65 -55 -45 -35 -25 -15 -5 5 15 25 35 45 55 65 75
350 450 550 650 750 850 950
0.6897951 1.101843 1.296791 1.440977 1.568121 1.675498 2.141861
0.7672076 0.8633275 0.9134914 1.241022 1.341785 1.436339 1.369164
0.7559989 0.7179474 0.6246209 0.5813213 0.628553 0.5816831 0.2352775
1.959106 1.441445 1.210886 1.040186 0.9047458 0.5970475 0.2547285
2.09723 3.172833 3.153898 2.291674 1.48542 0.6789804 0.7398923
1.423291 2.029273 1.584043 1.358511 1.032095 0.8901427 0.9847335
1.730859 1.131209 1.32401 2.936586 3.398826 1.115093 0.4862862
4.088209 4.179315 4.238668 4.300496 5.204042 5.711545 4.516155
5.596814 5.839719 5.795023 6.07369 6.828855 7.316498 8.146978
6.370011 6.797537 6.717514 6.793721 7.223569 8.08676 8.651768
6.806158 7.129467 7.555454 7.966186 8.45074 8.759479 9.072731
7.357774 8.099822 8.576745 8.731963 8.926965 9.746852 9.577255
8.850143 9.179477 8.530097 8.34072 8.402244 8.611476 8.765232
10.07358 11.11335 11.67095 12.19233 11.94307 13.35132 11.13743
9.602483 11.04872 11.92584 13.14817 13.90542 14.37359 14.56393
