-65 -55 -45 -35 -25 -15 -5 5 15 25 35 45 55 65 75
350 450 550 650 750 850 950
-3.036275 -3.255292 -3.407024 -3.523344 -3.64853 -3.753598 -3.850129
-2.759614 -3.027781 -3.150995 -3.310992 -3.465533 -3.614792 -3.698328
-2.613516 -2.706753 -2.787549 -2.908601 -3.061881 -3.200038 -3.498579
-2.331189 -2.426995 -2.600778 -2.759728 -2.909167 -3.060009 -3.35463
-2.155293 -2.471259 -2.449738 -2.313693 -2.331481 -2.437846 -2.699878
-1.70736 -1.998827 -2.090268 -1.930232 -1.885705 -2.094842 -2.281137
-1.578996 -1.572582 -1.217317 -0.7526831 -0.4417327 -0.7265614 -1.488283
-1.167917 -1.169964 -1.077912 -0.7840752 -0.6523385 -0.4368853 -0.2036823
-0.880103 -0.8348921 -0.8184783 -0.8280568 -0.7077593 -0.3412117 0.257016
-0.5541578 -0.4052431 -0.2543911 -0.01813174 0.1661448 0.3316348 0.6887205
-0.1790749 0.05450076 0.2110974 0.2715617 0.559975 0.6183252 0.6790974
0.3714242 0.602907 0.7032625 0.8078517 0.9961607 0.8640876 1.037211
0.301343 0.597804 1.181079 1.538298 1.899185 2.148017 2.371881
0.2013178 0.4120478 0.4866959 0.4738207 0.7330539 0.527006 2.760036
-0.6697754 -0.1827414 -0.04324835 0.0322811 0.01735672 0.0002954054 0.2264399
