-65 -55 -45 -35 -25 -15 -5 5 15 25 35 45 55 65 75
350 450 550 650 750 850 950
1.178534 1.282845 1.493258 1.681276 1.847499 1.954918 2.135807
1.136558 1.181234 1.235944 1.450457 1.677311 1.82374 1.796751
1.112356 1.053246 0.9938835 0.9360991 0.9166294 0.7870182 1.321655
1.500881 1.206247 1.094248 1.066664 0.8219528 0.5318854 0.3375621
1.850683 2.391419 1.782908 1.00942 1.094927 0.9086402 0.4596677
1.051116 1.51563 1.57828 0.8448769 0.9505499 0.57501 0.8863851
1.134784 0.2993592 1.262525 1.899575 1.44803 0.6707948 0.8181659
2.268155 2.396968 2.733712 2.965401 3.481999 3.57667 4.005177
3.711197 4.365438 4.296012 4.291032 5.147587 6.095246 7.526478
4.57794 5.238072 5.456504 6.045241 6.875685 8.289596 10.20693
5.834125 6.565733 7.226384 8.344184 9.014094 9.423278 9.574932
6.566019 7.209871 8.122373 8.949135 9.712158 10.95498 10.83959
7.436293 8.427874 8.265589 8.498001 8.349727 8.731141 9.045532
9.070517 10.73406 12.0984 13.35392 13.82987 16.3185 10.71584
9.610084 11.29356 12.46357 14.14091 15.47172 17.02997 18.61736
