latitude pressure AMES_IS BAKER_IS CAMS_IS CMS-FLUX_IS COLA_IS CT_IS OU_IS TM5-4DVAR_IS UT_IS WOMBAT_IS AMES_OG BAKER_OG CAMS_OG CMS-FLUX_OG COLA_OG CT_OG OU_OG TM5-4DVAR_OG UT_OG WOMBAT_OG AMES_LNLG BAKER_LNLG CAMS_LNLG CMS-FLUX_LNLG COLA_LNLG CT_LNLG OU_LNLG TM5-4DVAR_LNLG UT_LNLG WOMBAT_LNLG AMES_LNLGOGIS BAKER_LNLGOGIS CAMS_LNLGOGIS CMS-FLUX_LNLGOGIS COLA_LNLGOGIS CT_LNLGOGIS OU_LNLGOGIS TM5-4DVAR_LNLGOGIS UT_LNLGOGIS WOMBAT_LNLGOGIS AMES_LNLGIS BAKER_LNLGIS CAMS_LNLGIS CMS-FLUX_LNLGIS COLA_LNLGIS CT_LNLGIS OU_LNLGIS TM5-4DVAR_LNLGIS UT_LNLGIS WOMBAT_LNLGIS
-65 350 -3.268147 -3.100272 -3.372908 -3.036275 -3.195661 -3.40178 -3.458311 -3.485456 -3.185906 -3.340286 -2.881807 -3.137987 -2.834347 -2.928541 -3.079603 -2.950283 -2.986128 -2.900141 -3.043691 -3.050549 -3.300263 -3.47444 -3.304839 -3.21553 -3.634553 -3.608978 -3.355053 -3.421768 -3.332916 -3.63085 -3.119249 -3.225922 -2.883347 -3.072446 -3.145741 -3.277587 -3.164342 -3.275536 -3.129839 -3.244253 -3.257898 -3.359804 -3.38475 -3.079254 -3.374916 -3.303971 -3.464861 -3.500515 -3.129839 -3.407866
-55 350 -2.973698 -2.737186 -3.199821 -2.759614 -2.954576 -3.129424 -3.241752 -3.237699 -2.868177 -2.95949 -2.617121 -2.862318 -2.653915 -2.69358 -2.90979 -2.808317 -2.762576 -2.73029 -2.770796 -2.673115 -2.949762 -3.067532 -3.126465 -2.913717 -3.297704 -3.328779 -3.172298 -3.245289 -3.020442 -3.224912 -2.788707 -2.911174 -2.712955 -2.773504 -2.961108 -3.053025 -2.925924 -2.999956 -2.832084 -2.839412 -2.920609 -2.999805 -3.162364 -2.765269 -3.089195 -3.101131 -3.24712 -3.279916 -2.832084 -3.062715
-45 350 -2.804693 -2.538793 -3.069366 -2.613516 -2.810392 -2.902194 -3.077437 -2.993048 -2.653918 -2.722972 -2.535634 -2.691811 -2.506261 -2.603638 -2.794841 -2.687901 -2.604344 -2.57831 -2.627136 -2.473335 -2.819571 -2.889062 -3.035543 -2.778903 -3.173436 -3.118587 -3.066631 -3.122841 -2.867851 -3.030091 -2.641185 -2.753265 -2.591916 -2.627874 -2.909655 -2.882691 -2.821805 -2.809523 -2.646884 -2.628452 -2.761761 -2.833149 -3.012062 -2.592214 -2.980519 -2.917456 -3.125166 -3.091226 -2.646884 -2.879932
-35 350 -2.421309 -1.917009 -2.591571 -2.331189 -2.453144 -2.467503 -2.73506 -2.661384 -2.309336 -2.335755 -2.270042 -2.374617 -2.312802 -2.390449 -2.47503 -2.444859 -2.259585 -2.402506 -2.330175 -2.103156 -2.401329 -2.276056 -2.848682 -2.467276 -2.741515 -2.736814 -2.744814 -2.90648 -2.461995 -2.564964 -2.266809 -2.279838 -2.36961 -2.336299 -2.609622 -2.669889 -2.442657 -2.492748 -2.367389 -2.181038 -2.381068 -2.278533 -2.711513 -2.274429 -2.564818 -2.517637 -2.807481 -2.837641 -2.367389 -2.483397
-25 350 -2.211251 -1.79718 -2.401126 -2.155293 -2.230384 -1.942558 -2.329393 -2.287884 -1.954926 -1.964155 -2.141762 -2.125198 -2.031508 -2.18476 -2.412388 -2.035673 -2.114774 -2.064633 -2.163 -1.774738 -2.204065 -2.109883 -2.369452 -2.243212 -2.606725 -2.253917 -2.35313 -2.353004 -2.261935 -2.142352 -2.121035 -2.090304 -2.064976 -2.156566 -2.49736 -2.223987 -2.188408 -2.05389 -2.165575 -1.8447 -2.154389 -2.147229 -2.241461 -2.073531 -2.481691 -2.103619 -2.368019 -2.325464 -2.165575 -2.125183
-15 350 -1.777336 -1.600452 -2.10924 -1.70736 -1.926161 -1.53097 -1.801496 -1.821797 -1.491079 -1.654328 -1.884658 -1.899341 -1.763729 -1.724735 -2.193352 -1.712037 -1.829616 -1.778424 -1.840654 -1.509727 -1.731832 -1.837051 -1.898713 -1.785702 -2.166596 -1.867452 -1.861859 -1.798095 -1.862498 -1.806127 -1.780298 -1.901025 -1.760368 -1.684531 -2.193647 -1.747494 -1.824757 -1.697802 -1.75424 -1.55095 -1.705806 -1.890133 -1.802655 -1.608993 -2.093175 -1.67214 -1.831006 -1.765177 -1.75424 -1.810371
-5 350 -1.758014 -1.508616 -1.935811 -1.578996 -1.772905 -1.348837 -1.649349 -1.700207 -1.25025 -1.116021 -1.664042 -1.56196 -1.600522 -1.616472 -1.842017 -1.50966 -1.627888 -1.617663 -1.639611 -1.367355 -1.576064 -1.577706 -1.795218 -1.566939 -1.692545 -1.704731 -1.432744 -1.494232 -1.696711 -1.510216 -1.521853 -1.595009 -1.552495 -1.454966 -1.782143 -1.619113 -1.542935 -1.544946 -1.564437 -1.337956 -1.432857 -1.632371 -1.684002 -1.385284 -1.656442 -1.529578 -1.444747 -1.441279 -1.564437 -1.526238
5 350 -1.362458 -1.374731 -1.366396 -1.167917 -1.548834 -1.219782 -1.270627 -1.397718 -1.160266 -0.8445689 -1.122879 -1.276979 -1.031743 -1.147709 -1.359287 -1.206787 -1.214914 -1.22698 -1.267946 -0.98462 -1.170994 -1.375668 -1.292834 -1.243125 -1.28885 -1.473249 -1.150258 -1.268183 -1.28853 -1.217583 -1.101313 -1.308124 -1.051805 -1.085616 -1.51075 -1.289699 -1.195739 -1.250329 -1.204686 -1.015782 -1.129317 -1.437741 -1.206794 -1.030035 -1.394951 -1.290024 -1.175608 -1.324385 -1.204686 -1.225176
15 350 -1.143688 -1.165444 -1.168576 -0.880103 -1.514631 -0.9186975 -1.008708 -1.24326 -0.8298222 -0.8187925 -0.7895424 -1.00447 -0.6845989 -0.8617076 -1.172634 -0.954406 -0.7712731 -0.8174362 -0.9519028 -0.8864039 -1.015416 -1.171973 -1.013889 -1.12354 -1.286775 -1.18244 -0.8562496 -0.9874047 -1.05428 -1.258456 -0.8626679 -1.027407 -0.7308934 -0.8326141 -1.582757 -1.105395 -0.7999833 -0.9326944 -0.96086 -0.9848363 -1.047231 -1.223096 -0.935547 -0.7987979 -1.427772 -1.071104 -0.8920493 -1.15295 -0.96086 -1.248755
25 350 -0.8056696 -0.8724232 -0.8539244 -0.5541578 -1.24202 -0.3486613 -0.4339448 -0.4831313 -0.4153772 -0.3826913 -0.4389234 -0.6799319 -0.2495235 -0.4998945 -0.8888056 -0.1414334 -0.1420058 -0.1190444 -0.4925817 -0.3311558 -0.5430132 -0.8102863 -0.598755 -0.6809939 -0.8932841 -0.4036826 -0.3738942 -0.421092 -0.6466372 -0.7516526 -0.4707482 -0.653096 -0.3460896 -0.4803577 -1.068915 -0.3110841 -0.2350758 -0.2777465 -0.4951815 -0.4103125 -0.6246124 -0.8652402 -0.5568642 -0.4762988 -0.942358 -0.3825358 -0.4330386 -0.5647845 -0.4951815 -0.7137835
35 350 -0.4055597 -0.4163827 -0.5331765 -0.1790749 -0.8357174 0.09090805 -0.02459056 -0.09719648 -0.2117626 -0.1542536 -0.07736067 -0.09126284 0.09161472 -0.05283242 -0.7499417 0.3653694 0.3743424 0.3153555 -0.05385595 -0.002579221 -0.162366 -0.377987 -0.20272 -0.312546 -0.6215937 0.01419956 0.06159144 -0.03451027 -0.3266959 -0.4064354 -0.1253938 -0.1433716 0.004186783 -0.08156575 -0.6444097 0.08839689 0.2163632 0.1758756 -0.2060117 -0.0910945 -0.2501516 -0.4134293 -0.1730485 -0.1116336 -0.5040694 0.06748226 -0.03414374 -0.1235602 -0.2060117 -0.3414061
45 350 0.01242566 0.002295277 -0.2534104 0.3714242 -0.4370756 0.485173 0.1832196 0.2384202 0.2780161 0.1486869 0.4198444 0.4263101 0.4808321 0.4085538 -0.09190346 0.8129737 0.5193266 0.5663455 0.4741645 0.4129051 0.1718961 -0.03139913 0.05302011 0.08341981 -0.3603729 0.2770098 0.1237003 0.1650373 0.02097006 -0.1553421 0.2989425 0.3120745 0.3576176 0.3531646 -0.1981112 0.454763 0.4343777 0.4935846 0.2614828 0.2503958 0.1075885 -0.03132121 0.07168975 0.3367556 -0.2731459 0.4861422 0.1421723 0.1975548 0.2614828 -0.07154023
55 350 -0.1498451 -0.07340371 -0.450399 0.301343 -0.5305788 0.2305482 -0.04139499 -0.03099108 0.03031145 0.07935123 0.4137515 0.4595793 0.5539014 0.3538137 -0.1497445 0.7044316 0.4601415 0.5065795 0.5719969 0.4661756 -0.02579722 -0.1401594 -0.06692445 -0.05949067 -0.4677325 0.05441909 -0.08119595 -0.09013856 -0.06028847 -0.2221069 0.1632224 0.2833918 0.3815677 0.187149 -0.240148 0.1338323 0.2817976 0.3010669 0.05885423 0.1957254 -0.08953465 -0.1128168 -0.04577206 0.1684602 -0.3759161 0.2463951 -0.07009917 -0.06613906 0.05885423 -0.153735
65 350 -0.2799002 -0.1409899 -0.5909788 0.2013178 -0.7793127 -0.1046043 -0.2866067 -0.3345657 -0.1371399 -0.1845536 0.28307 0.4380083 0.7725651 0.3569295 -0.4815535 0.4481316 0.4918098 0.517425 0.6036526 0.1980887 -0.2094391 -0.2158994 0.01915483 -0.190924 -0.7119171 -0.1539422 -0.2199259 -0.2736459 -0.1149367 -0.4780809 0.03535891 0.2487047 0.5464151 0.04582591 -0.4414663 -0.2232886 0.1424142 0.1234995 -0.09760962 -0.06765559 -0.2245996 -0.1792608 0.04173048 0.01439017 -0.5825155 0.1079945 -0.265975 -0.2853774 -0.09760962 -0.3962044
75 350 -0.8373455 -0.9583279 -1.113941 -0.6697754 -1.626456 -0.8696552 -1.061029 -1.223261 -0.9438096 -0.6676302 -0.2259106 -0.2880884 0.2894199 -0.3296514 -1.20211 -0.0260069 -0.1261143 -0.2617942 -0.1907455 -0.1984487 -0.8536023 -0.9587042 -0.5378997 -0.9796746 -1.380818 -0.7216101 -0.9626323 -1.118827 -0.8836739 -0.9622778 -0.5263444 -0.500142 -0.04471008 -0.7302177 -1.150926 -0.8853653 -0.5867084 -0.7066298 -0.9399114 -0.5363732 -0.7796731 -0.9348521 -0.5004114 -0.8131511 -1.292068 -0.5142014 -1.019626 -1.108583 -0.9399114 -0.8675976
-65 450 -3.470187 -3.415248 -3.618038 -3.255292 -3.392957 -3.56256 -3.574117 -3.681187 -3.421762 -3.608288 -3.09492 -3.395096 -3.083478 -3.141958 -3.244092 -3.083708 -3.089541 -3.057964 -3.280451 -3.35588 -3.574371 -3.855061 -3.521088 -3.463781 -3.895002 -3.884209 -3.44731 -3.547263 -3.591037 -3.928239 -3.356312 -3.509689 -3.084829 -3.312239 -3.309219 -3.413633 -3.27367 -3.524301 -3.352756 -3.548676 -3.482223 -3.670913 -3.655849 -3.319326 -3.577275 -3.437167 -3.574869 -3.679565 -3.352756 -3.658311
-55 450 -3.238819 -3.018256 -3.316635 -3.027781 -3.165099 -3.292875 -3.380254 -3.417006 -3.133448 -3.218394 -2.875096 -3.092097 -2.743275 -2.945094 -3.085985 -2.92428 -2.883778 -2.840423 -3.026169 -2.945019 -3.288391 -3.412167 -3.239365 -3.224354 -3.58695 -3.554625 -3.291838 -3.376783 -3.317754 -3.52196 -3.089235 -3.168164 -2.790454 -3.06497 -3.142799 -3.193344 -3.05987 -3.201816 -3.083639 -3.12825 -3.226488 -3.278653 -3.308358 -3.068998 -3.325541 -3.244434 -3.384312 -3.442136 -3.083639 -3.303671
-45 450 -2.919027 -2.62802 -3.10295 -2.706753 -2.870749 -2.938224 -3.113006 -3.024898 -2.766038 -2.838132 -2.58459 -2.72302 -2.494629 -2.67669 -2.810063 -2.663969 -2.60598 -2.534262 -2.694388 -2.564281 -2.961719 -3.042789 -3.059547 -2.90493 -3.31744 -3.128241 -3.097492 -3.138559 -3.002352 -3.145959 -2.742841 -2.832634 -2.596578 -2.734627 -2.958524 -2.869686 -2.841119 -2.804579 -2.726594 -2.751441 -2.884965 -2.938922 -3.051337 -2.71397 -3.102357 -2.943377 -3.165874 -3.095056 -2.726594 -2.973027
-35 450 -2.580992 -2.212662 -2.775955 -2.426995 -2.592915 -2.6928 -2.867731 -2.8346 -2.433511 -2.49475 -2.365204 -2.570415 -2.39556 -2.413259 -2.583761 -2.590029 -2.389008 -2.488309 -2.479331 -2.238804 -2.551201 -2.56955 -2.919438 -2.547303 -2.927651 -2.954385 -2.883231 -3.009446 -2.665171 -2.768454 -2.426324 -2.522195 -2.496033 -2.411205 -2.70347 -2.815696 -2.610447 -2.67575 -2.508161 -2.404373 -2.523681 -2.531932 -2.847733 -2.364434 -2.713831 -2.749 -2.932371 -2.98248 -2.508161 -2.668767
-25 450 -2.424318 -1.93704 -2.748882 -2.471259 -2.434396 -2.158725 -2.424489 -2.449884 -2.157331 -2.368443 -2.390738 -2.274565 -2.275984 -2.471599 -2.605549 -2.245153 -2.313134 -2.30251 -2.431332 -2.144301 -2.52144 -2.280689 -2.75611 -2.540051 -2.992411 -2.54612 -2.564494 -2.677565 -2.596263 -2.59341 -2.425042 -2.225177 -2.365257 -2.518769 -2.832857 -2.342623 -2.403364 -2.347785 -2.466784 -2.208837 -2.456441 -2.293876 -2.667437 -2.396295 -2.885565 -2.318492 -2.565731 -2.667661 -2.466784 -2.551666
-15 450 -1.941213 -1.660309 -2.29224 -1.998827 -2.085448 -1.79669 -1.956152 -2.02856 -1.707401 -1.939684 -2.055951 -1.963255 -2.002692 -1.955555 -2.330518 -2.016218 -1.992521 -2.037678 -2.003909 -1.78284 -2.005732 -1.918242 -2.271907 -2.027443 -2.394599 -2.207674 -2.068377 -2.207009 -2.083972 -2.121929 -2.020909 -1.966629 -2.028796 -2.008831 -2.455566 -1.953697 -1.999025 -1.990281 -2.000557 -1.819769 -1.973598 -1.957314 -2.164349 -1.897695 -2.342549 -1.940186 -2.032354 -2.160255 -2.000557 -2.102873
-5 450 -1.616423 -1.204528 -1.930475 -1.572582 -1.399465 -1.438278 -1.495117 -1.585276 -0.4272318 -1.106677 -1.657101 -1.191466 -1.515399 -1.480286 -1.633679 -1.587911 -1.50764 -1.524367 -1.435412 -1.198722 -1.246071 -1.029384 -1.727576 -1.313166 -1.261525 -1.777899 -1.17522 -1.255392 -1.359163 -1.2525 -1.384113 -1.234864 -1.446732 -1.340013 -1.262542 -1.764645 -1.398023 -1.391732 -1.142016 -1.161601 -1.080281 -1.065538 -1.582168 -1.237126 -1.204886 -1.615625 -1.194798 -1.205032 -1.142016 -1.316954
5 450 -1.37956 -1.532428 -1.361681 -1.169964 -1.659984 -1.236225 -1.273341 -1.405476 -0.8305404 -0.8324518 -1.152001 -1.266795 -1.027754 -1.109019 -1.295722 -1.224264 -1.119988 -1.178568 -1.227873 -1.077394 -1.321311 -1.441262 -1.340026 -1.283508 -1.423395 -1.561912 -1.116761 -1.255269 -1.3277 -1.362996 -1.163633 -1.386175 -1.070078 -1.080361 -1.649766 -1.293719 -1.138615 -1.205393 -1.148058 -1.121415 -1.204832 -1.491942 -1.252536 -1.011387 -1.520461 -1.306029 -1.136838 -1.306988 -1.148058 -1.354812
15 450 -1.059765 -1.204944 -1.127507 -0.8348921 -1.499072 -0.9407643 -0.9682226 -1.145736 -0.7176151 -0.732217 -0.6704998 -0.961527 -0.6604481 -0.7420027 -1.113859 -0.8747556 -0.7130671 -0.8215186 -0.8836094 -0.7548976 -0.9434381 -1.202085 -0.933828 -1.031436 -1.212161 -1.175585 -0.870432 -1.008307 -1.002345 -1.178392 -0.774962 -1.042168 -0.727048 -0.7520108 -1.437109 -0.9232665 -0.7828085 -0.9423681 -0.8760947 -0.8685547 -0.9599483 -1.23711 -0.8820149 -0.734518 -1.282312 -1.041269 -0.8974338 -1.125227 -0.8760947 -1.159522
25 450 -0.5705547 -0.8120964 -0.6964112 -0.4052431 -1.011585 -0.2451696 -0.3237202 -0.3699297 -0.3312217 -0.3779889 -0.2552799 -0.5243651 -0.06678867 -0.3170756 -0.9005051 -0.059124 -0.05181502 -0.04726393 -0.3678453 -0.3018498 -0.3434924 -0.7465549 -0.3949839 -0.5252099 -0.7666881 -0.3264489 -0.2618088 -0.30942 -0.5063121 -0.6615955 -0.2905788 -0.544854 -0.1470008 -0.3034834 -0.8788886 -0.1857763 -0.1329913 -0.1605836 -0.3631767 -0.356404 -0.4186299 -0.7816883 -0.3611619 -0.3298715 -0.6745617 -0.2886637 -0.3255519 -0.4383034 -0.3631767 -0.6138907
35 450 -0.183811 -0.09246987 -0.1872907 0.05450076 -0.6311805 0.3741833 0.1895675 0.1694393 0.05546698 0.03883556 0.1965703 0.4658222 0.5694457 0.2335114 -0.5056167 0.6428553 0.6544261 0.6345325 0.2675048 0.2886194 -0.001811186 -0.1129656 0.1339115 -0.1088496 -0.4834237 0.2131929 0.2518055 0.1928669 -0.1273514 -0.2544195 0.09310537 0.2665597 0.437154 0.1134717 -0.4419209 0.3379159 0.4691898 0.4864591 0.04291241 0.1350578 -0.08009447 -0.1162203 0.1732225 0.07274405 -0.3470862 0.3325747 0.1649103 0.1359022 0.04291241 -0.1593091
45 450 0.2678969 0.2525383 -0.06800325 0.602907 -0.2002756 0.5064513 0.3475931 0.3171542 0.4572444 0.28286 0.7459999 0.8317885 0.8235144 0.7433374 0.2563789 0.8766751 0.7628914 0.7573441 0.8314853 0.614167 0.3609591 0.146385 0.293444 0.3114346 -0.1430203 0.2838114 0.3060448 0.2887839 0.2458739 -0.04066729 0.548243 0.6081913 0.6557227 0.5713692 0.0383168 0.4799665 0.631122 0.6360907 0.475281 0.4078093 0.3154781 0.1773285 0.3071533 0.5313005 -0.07120841 0.4940346 0.2961504 0.3045393 0.475281 0.05479398
55 450 0.281944 0.2366729 0.08485908 0.597804 -0.2759227 0.5710791 0.3856727 0.3588554 0.3778869 0.4096877 0.9376886 1.01996 1.207475 0.9044587 0.5316935 1.082883 0.972829 1.039761 1.108137 0.9777723 0.3598092 0.1259682 0.399348 0.3725416 -0.01660087 0.3463492 0.3720027 0.3106813 0.3556632 0.1535058 0.5808014 0.7116331 0.9765118 0.5607231 0.1370062 0.4589947 0.7378515 0.7529179 0.4381023 0.6266156 0.2679983 0.1820293 0.3994522 0.4967231 -0.09917878 0.5732658 0.3228281 0.3013448 0.4381023 0.2199901
65 450 0.03449363 0.2238188 -0.06057015 0.4120478 -0.4543626 0.1742901 0.04134559 0.09134557 -0.006288026 0.2899101 0.67243 0.9100083 1.488255 0.6961624 0.2263574 0.8539408 0.9423239 1.063247 1.081608 0.8515864 0.02893112 0.07250231 0.5306226 0.04389084 -0.3374091 0.1700865 0.09903806 0.1156675 0.2537689 0.02872369 0.3456205 0.6695349 1.19818 0.2239309 -0.0484773 0.05798913 0.5225165 0.6080753 0.1186759 0.4655181 0.04355603 0.1608259 0.5528078 0.1875713 -0.2697142 0.3767167 0.06542187 0.1371539 0.1186759 0.09801002
75 450 -0.230463 -0.422188 -0.5474307 -0.1827414 -0.9683787 -0.4578126 -0.5523186 -0.5470645 -0.4784559 -0.2515158 0.3818966 0.4031028 1.056812 0.2699774 -0.2371717 0.6205816 0.448017 0.5367044 0.4057969 0.4964077 -0.3981834 -0.5131596 0.08581195 -0.525233 -0.7195862 -0.227139 -0.5006417 -0.4249398 -0.3913125 -0.4393443 0.01347278 0.119103 0.701642 -0.2350289 -0.4414084 -0.3119851 -0.04082551 0.06479717 -0.4587436 -0.006137477 -0.2694386 -0.4463356 0.09218244 -0.3432615 -0.7132997 0.03419057 -0.531948 -0.4215899 -0.4587436 -0.3814061
-65 550 -3.603148 -3.584826 -3.742061 -3.407024 -3.545159 -3.655042 -3.650164 -3.794856 -3.570923 -3.758087 -3.270092 -3.528279 -3.228139 -3.300582 -3.39474 -3.177802 -3.177094 -3.191218 -3.457738 -3.530034 -3.76943 -4.066296 -3.617429 -3.635499 -4.056444 -4.09576 -3.510322 -3.614297 -3.757972 -4.08404 -3.528092 -3.650389 -3.196552 -3.476847 -3.457548 -3.519559 -3.367286 -3.700516 -3.507268 -3.715207 -3.632405 -3.83212 -3.786437 -3.486425 -3.700596 -3.542881 -3.648694 -3.786169 -3.507268 -3.798067
-55 550 -3.385804 -3.144054 -3.420267 -3.150995 -3.277615 -3.395204 -3.452512 -3.499899 -3.279534 -3.396741 -3.013493 -3.178095 -2.834019 -3.066839 -3.189603 -3.009699 -2.962726 -2.89954 -3.17823 -3.114858 -3.500151 -3.612339 -3.350035 -3.384389 -3.749868 -3.690316 -3.368484 -3.464431 -3.500205 -3.719609 -3.258623 -3.281362 -2.874136 -3.200485 -3.272102 -3.287988 -3.151554 -3.302143 -3.222914 -3.315305 -3.396259 -3.416667 -3.428735 -3.213754 -3.458219 -3.328106 -3.46208 -3.532137 -3.222914 -3.471683
-45 550 -3.018611 -2.73834 -3.156583 -2.787549 -2.930704 -3.009885 -3.157601 -3.089839 -2.850394 -2.967163 -2.658472 -2.766268 -2.535207 -2.731602 -2.854063 -2.697409 -2.648929 -2.570707 -2.791284 -2.669202 -3.117275 -3.224639 -3.107714 -3.004862 -3.461852 -3.186886 -3.137241 -3.183849 -3.152427 -3.269916 -2.860536 -2.922013 -2.6406 -2.820724 -3.02812 -2.920941 -2.885293 -2.86982 -2.82635 -2.880286 -3.014969 -3.073972 -3.115885 -2.810798 -3.208646 -2.992739 -3.211079 -3.142199 -2.82635 -3.083033
-35 550 -2.719058 -2.384252 -3.005803 -2.600778 -2.764585 -2.774799 -2.936157 -2.938271 -2.525446 -2.668252 -2.370313 -2.62199 -2.434361 -2.539606 -2.662231 -2.656307 -2.461652 -2.498131 -2.575031 -2.337041 -2.699598 -2.782474 -3.018161 -2.737616 -3.14178 -3.021242 -2.93747 -3.036124 -2.88924 -2.947921 -2.548633 -2.632272 -2.551887 -2.597417 -2.828374 -2.837996 -2.657738 -2.716661 -2.656099 -2.551293 -2.670943 -2.694713 -2.980742 -2.548955 -2.872721 -2.815713 -2.98095 -3.011393 -2.656099 -2.808603
-25 550 -2.488016 -1.996405 -2.877218 -2.449738 -2.586835 -2.340161 -2.544868 -2.576492 -2.301012 -2.336491 -2.409187 -2.334253 -2.403411 -2.426242 -2.624039 -2.417309 -2.374949 -2.410746 -2.407596 -2.076519 -2.526808 -2.327419 -2.920475 -2.524872 -3.098837 -2.713964 -2.663577 -2.803956 -2.548082 -2.561596 -2.454296 -2.286365 -2.508746 -2.482428 -2.880414 -2.501799 -2.471664 -2.479308 -2.483688 -2.166575 -2.500307 -2.318644 -2.852211 -2.383158 -2.945768 -2.514685 -2.669533 -2.776129 -2.483688 -2.497032
-15 550 -2.083755 -1.734311 -2.279595 -2.090268 -2.283689 -1.880853 -2.031813 -2.053238 -1.844292 -1.859344 -2.147469 -1.985223 -2.017009 -2.018114 -2.450407 -2.076571 -2.046207 -2.067723 -2.051718 -1.719582 -2.099245 -1.93904 -2.270135 -2.11381 -2.49675 -2.255321 -2.116851 -2.233573 -2.088535 -2.058978 -2.119516 -2.007567 -2.047218 -2.096313 -2.569172 -2.014552 -2.045424 -2.012046 -2.058136 -1.766527 -2.064125 -1.961502 -2.177132 -1.984263 -2.432283 -2.018865 -2.079937 -2.158859 -2.058136 -2.032555
-5 550 -1.386323 -0.8760142 -1.633715 -1.217317 -1.266429 -1.260924 -1.340082 -1.400034 -0.2372852 -0.888166 -1.297157 -0.8564636 -1.198662 -0.9866769 -1.467349 -1.239808 -1.362881 -1.305528 -1.000476 -0.8691341 -0.7229486 -0.5376818 -1.419059 -0.7353029 -0.994688 -1.470192 -1.021334 -1.020681 -0.7258685 -0.8533432 -1.004362 -0.8589699 -1.171646 -0.9023624 -1.027142 -1.486887 -1.230745 -1.152898 -0.7540723 -0.8090249 -0.6812104 -0.5596952 -1.285289 -0.8307435 -0.9406432 -1.354682 -1.030818 -0.9593424 -0.7540723 -0.9282943
5 550 -1.290684 -1.498379 -1.267393 -1.077912 -1.564805 -1.150846 -1.147769 -1.25434 -0.4540944 -0.7886358 -1.058432 -1.216581 -0.9297697 -0.9931421 -1.084509 -1.077025 -0.9812646 -1.024419 -0.9415986 -1.05111 -1.296133 -1.389041 -1.258405 -1.17402 -1.329882 -1.418566 -0.9843229 -1.114081 -0.9456752 -1.338931 -1.103238 -1.350841 -0.9844248 -1.000751 -1.550972 -1.114229 -1.027026 -1.063404 -0.8631917 -1.100666 -1.143929 -1.426279 -1.180697 -0.9294068 -1.432496 -1.180408 -1.005967 -1.148509 -0.8631917 -1.32553
15 550 -1.05219 -1.228737 -1.116989 -0.8184783 -1.495065 -0.9133731 -0.9153012 -1.052741 -0.6734949 -0.7637701 -0.6242318 -0.8962378 -0.6090519 -0.6888261 -1.018804 -0.7785354 -0.6282646 -0.7235609 -0.7089215 -0.7227171 -0.9471945 -1.221315 -0.9105457 -1.003642 -1.206908 -1.107689 -0.8584129 -0.9836073 -0.9033505 -1.211737 -0.7620286 -1.038892 -0.6916093 -0.7323684 -1.429973 -0.8154002 -0.7302366 -0.8753104 -0.7878985 -0.8764257 -0.9331518 -1.246335 -0.875477 -0.7145845 -1.256589 -1.001008 -0.8765679 -1.074331 -0.7878985 -1.184635
25 550 -0.3686294 -0.5586747 -0.5382713 -0.2543911 -0.8056263 -0.1531568 -0.2023197 -0.2565904 -0.2475925 -0.2386441 -0.0006641973 -0.1518323 0.1751737 -0.1109625 -0.7383589 0.05975671 0.09768245 0.1240566 -0.1096199 -0.09757072 -0.1572433 -0.5106662 -0.2372669 -0.3567376 -0.6275673 -0.2237294 -0.1589349 -0.2052102 -0.2937449 -0.4867739 -0.09219921 -0.243524 0.05567685 -0.1427311 -0.6196363 -0.1445935 -0.001531579 -0.01139295 -0.2309161 -0.1884381 -0.2152415 -0.5182048 -0.2012181 -0.18708 -0.4787587 -0.1747504 -0.2140327 -0.3025943 -0.2309161 -0.4243603
35 550 0.03166784 0.1570967 -0.0120582 0.2110974 -0.463586 0.4455287 0.29123 0.3126766 0.2433823 0.2304178 0.5077734 0.8742853 0.8443299 0.510013 -0.237036 0.7545331 0.7966776 0.8106424 0.5744839 0.6161011 0.1885216 0.1012024 0.3118552 0.09441438 -0.2929135 0.3104436 0.3414828 0.3197074 0.09909252 -0.03165088 0.3306969 0.6024317 0.6792298 0.3003364 -0.2020353 0.4083736 0.5891385 0.6454084 0.2607806 0.4074541 0.1054535 0.1213417 0.3480718 0.2435055 -0.2000071 0.4196814 0.2603508 0.2757703 0.2607806 0.06250775
45 550 0.5021277 0.419748 0.09205531 0.7032625 -0.02040598 0.6099029 0.4240027 0.4144486 0.5189384 0.4494829 0.9777048 1.1039 1.059999 1.032904 0.6990664 0.9743716 0.9001303 0.9421145 1.024615 0.9240828 0.5027997 0.242708 0.484576 0.4990305 0.1054099 0.3819916 0.3905403 0.4132838 0.4056937 0.1711158 0.7470982 0.8330619 0.8762383 0.7108002 0.2730387 0.5522721 0.7180737 0.7578612 0.5568603 0.6529808 0.4958885 0.3077537 0.480464 0.6492012 0.1031125 0.5610924 0.3659471 0.3997026 0.5568603 0.2686363
55 550 0.8251745 0.6633922 0.9343239 1.181079 0.2581871 1.029152 0.8330663 0.806778 0.7682903 0.7948467 1.485878 1.397286 2.028389 1.44046 1.297682 1.489538 1.439847 1.520125 1.651246 1.469446 0.7674778 0.4538149 1.063681 0.8552883 0.5423428 0.6654029 0.7435454 0.7329294 0.8423983 0.5481927 1.077847 1.123838 1.73269 1.046557 0.7546835 0.866106 1.156092 1.197252 0.8351588 1.050569 0.7272317 0.5587295 1.09352 1.014594 0.4365847 1.085508 0.732927 0.7113164 0.8351588 0.616363
65 550 0.308254 0.2653241 0.2357179 0.4866959 -0.2654017 0.1052474 0.1147007 0.09273836 0.09677169 0.4695531 0.9281416 1.074725 1.779606 0.883748 1.058795 0.9365251 1.051266 1.156586 1.324363 1.150095 0.2233159 0.08705893 0.7953214 0.1511022 0.04508963 0.2223993 0.1640798 0.2039736 0.4580552 0.2858343 0.6122555 0.7765943 1.498225 0.3126075 0.2376816 -0.1171987 0.640542 0.6830755 0.2204498 0.7033813 0.3052167 0.2154881 0.8282132 0.259498 -0.02084355 0.4502714 0.1487617 0.2256212 0.2204498 0.3338927
75 550 -0.09607605 -0.3205822 -0.4111233 -0.04324835 -0.8360912 -0.4365374 -0.4243076 -0.3642893 -0.3303521 -0.1222629 0.5432947 0.5846487 1.220487 0.4849271 0.3829997 0.796002 0.6022578 0.7584985 0.6960598 0.7494459 -0.2724014 -0.4604397 0.2121099 -0.4032014 -0.4704194 -0.1700379 -0.3791367 -0.2221057 -0.1741186 -0.2497064 0.14268 0.2526724 0.8690566 -0.09741863 -0.2275364 -0.2438516 0.09195879 0.2546199 -0.2883562 0.151804 -0.1352105 -0.3686897 0.1826657 -0.2257733 -0.544533 0.1270739 -0.4004891 -0.2338551 -0.2883562 -0.231818
-65 650 -3.716317 -3.685764 -3.837282 -3.523344 -3.663481 -3.737173 -3.719113 -3.880799 -3.653566 -3.865102 -3.420806 -3.601878 -3.345454 -3.423255 -3.531908 -3.263505 -3.26254 -3.332528 -3.568813 -3.652071 -3.917881 -4.196821 -3.67102 -3.760247 -4.150021 -4.27204 -3.566534 -3.654181 -3.853009 -4.186644 -3.670887 -3.718543 -3.276759 -3.59977 -3.585106 -3.613243 -3.469155 -3.865152 -3.608248 -3.83222 -3.759553 -3.918581 -3.875693 -3.611528 -3.786602 -3.635357 -3.716855 -3.870089 -3.608248 -3.897093
-55 650 -3.540496 -3.347804 -3.571083 -3.310992 -3.423916 -3.51309 -3.535887 -3.621593 -3.44013 -3.553678 -3.168256 -3.309061 -3.006395 -3.216596 -3.319319 -3.134189 -3.048497 -3.027278 -3.330761 -3.27546 -3.669485 -3.864056 -3.48728 -3.559413 -3.905622 -3.872462 -3.435757 -3.560092 -3.665566 -3.882157 -3.424668 -3.428061 -3.003159 -3.371376 -3.371136 -3.402 -3.239227 -3.450408 -3.376333 -3.481274 -3.559094 -3.605518 -3.602714 -3.392828 -3.583256 -3.424507 -3.537093 -3.646107 -3.376333 -3.61257
-45 650 -3.165866 -2.944602 -3.213285 -2.908601 -3.00374 -3.133619 -3.225215 -3.188505 -2.976344 -3.137211 -2.756159 -2.912637 -2.581509 -2.835426 -2.912568 -2.771586 -2.718855 -2.633784 -2.903934 -2.82863 -3.272481 -3.494429 -3.172541 -3.148454 -3.583401 -3.323027 -3.196387 -3.266937 -3.298068 -3.4434 -3.013352 -3.082667 -2.703268 -2.95384 -3.104565 -3.030053 -2.959937 -2.977836 -2.947385 -3.056549 -3.177879 -3.290668 -3.18562 -2.951461 -3.310814 -3.085684 -3.276155 -3.2336 -2.947385 -3.228166
-35 650 -2.841789 -2.631871 -3.103481 -2.759728 -2.924799 -2.846671 -3.023314 -3.010386 -2.612872 -2.869081 -2.396712 -2.600344 -2.331107 -2.660801 -2.768887 -2.622672 -2.510273 -2.459842 -2.667958 -2.389549 -2.852917 -3.078009 -3.066948 -2.931532 -3.406378 -2.949761 -3.020037 -3.057363 -3.174993 -3.147037 -2.661313 -2.682193 -2.498909 -2.772235 -2.960748 -2.790659 -2.69273 -2.695147 -2.772382 -2.645841 -2.839615 -2.922206 -3.054598 -2.737163 -3.08952 -2.82265 -3.062483 -3.031435 -2.772382 -2.945254
-25 650 -2.396681 -1.95298 -2.834704 -2.313693 -2.521998 -2.361835 -2.577226 -2.54524 -2.297466 -2.160216 -2.330653 -2.246026 -2.396795 -2.252486 -2.490899 -2.492072 -2.396241 -2.427467 -2.381806 -1.928963 -2.362739 -2.260742 -2.87936 -2.375989 -2.859797 -2.709992 -2.630982 -2.739087 -2.478203 -2.379252 -2.338208 -2.270623 -2.479203 -2.291546 -2.657948 -2.506227 -2.462493 -2.45886 -2.41877 -2.039724 -2.355885 -2.220594 -2.833239 -2.210333 -2.653122 -2.514337 -2.647767 -2.679583 -2.41877 -2.31406
-15 650 -2.051503 -1.704607 -2.371962 -1.930232 -2.257262 -1.963393 -2.065255 -2.068013 -1.696961 -1.829661 -2.003558 -1.902791 -2.109698 -1.794402 -2.329354 -2.11054 -2.036062 -2.089786 -1.907181 -1.702036 -1.881133 -1.808938 -2.371364 -1.892418 -2.254609 -2.287684 -2.099332 -2.224822 -1.84275 -2.044245 -1.940807 -1.944619 -2.140967 -1.83259 -2.325307 -2.10659 -2.027099 -2.025695 -1.851398 -1.760234 -1.880214 -1.816075 -2.30178 -1.746859 -2.167225 -2.082005 -2.065106 -2.134741 -1.851398 -2.007842
-5 650 -1.041452 -0.4547419 -1.185817 -0.7526831 -0.9302858 -0.951597 -0.9954541 -1.046054 0.3099835 -0.5385315 -0.9403891 -0.9036407 -0.7072721 -0.4378719 -1.214299 -0.8393518 -1.057673 -1.060122 -0.7351303 -0.4843387 -0.3223042 0.06303664 -0.7287341 -0.1459179 -0.3900494 -1.003173 -0.6242161 -0.5004979 0.1594137 -0.3901048 -0.6575892 -0.6508233 -0.6624596 -0.4599522 -0.4071338 -1.050181 -0.893981 -0.8498634 -0.2109351 -0.3712854 -0.2724423 0.03586954 -0.6754581 -0.4136629 -0.3593141 -0.9367488 -0.609597 -0.433307 -0.2109351 -0.4501836
5 650 -0.9349186 -1.174245 -1.028073 -0.7840752 -1.28639 -1.024679 -1.045855 -1.078348 -0.01825968 -0.5195081 -0.9265191 -0.9277053 -0.7442569 -0.699712 -0.8481186 -0.9241657 -0.8805692 -0.8644145 -0.4812981 -0.7988074 -1.00196 -1.007612 -1.016147 -0.752644 -0.999004 -1.226004 -0.8426109 -0.9236348 -0.3624076 -1.013949 -0.8832094 -1.003786 -0.777226 -0.6623638 -1.246569 -0.9575168 -0.9356581 -0.9162597 -0.3580246 -0.8437494 -0.7419842 -1.037087 -0.9550336 -0.6007019 -1.072037 -1.008061 -0.863006 -0.94216 -0.3580246 -1.008229
15 650 -1.065945 -1.029516 -0.9865707 -0.8280568 -1.429747 -0.7772673 -0.8117462 -0.8810678 -0.5009839 -0.7128175 -0.678755 -0.707493 -0.4557401 -0.6705196 -0.789496 -0.5861829 -0.4591357 -0.4949762 -0.5280513 -0.5696329 -0.9454167 -1.021457 -0.8007385 -1.005358 -1.124525 -0.9099094 -0.7331895 -0.8045057 -0.6669523 -1.056424 -0.8236779 -0.8554228 -0.5666348 -0.7319001 -1.319794 -0.689982 -0.5852721 -0.6966604 -0.631057 -0.7703083 -0.9426974 -1.029831 -0.7739309 -0.7249133 -1.179772 -0.8429416 -0.7583109 -0.9050128 -0.631057 -1.028306
25 650 -0.1697391 -0.4691563 -0.3619245 -0.01813174 -0.6075035 -0.03045279 -0.09389209 -0.1095659 -0.09139628 -0.05665577 0.3518401 0.1196536 0.3964167 0.224872 -0.2388448 0.2490808 0.2741827 0.3234056 0.2202947 0.2214161 0.01813644 -0.437674 -0.1348863 -0.130342 -0.3794391 -0.1111323 -0.06394553 -0.106615 -0.0219948 -0.2661756 0.1515081 -0.05880649 0.2005439 0.1160648 -0.3449537 -0.02928953 0.1334952 0.1249977 -0.0227837 0.04477904 -0.03070574 -0.4253785 -0.09371876 0.05507335 -0.3049691 -0.06861229 -0.1137286 -0.1791796 -0.0227837 -0.209155
35 650 0.09028848 0.2425887 0.1179245 0.2715617 -0.3946252 0.4761929 0.3020895 0.3780922 0.2453724 0.3446299 0.7094274 1.11987 1.14087 0.6762464 0.07403373 0.8312891 0.8841364 0.9465578 0.7742967 0.875105 0.2076437 0.1151779 0.496276 0.1711078 -0.1730301 0.3165404 0.3524664 0.3668353 0.1617265 0.0928578 0.4197828 0.7946493 0.9012582 0.341979 -0.04968315 0.4546081 0.6352516 0.7305898 0.2823744 0.5804156 0.1345911 0.1782323 0.5174823 0.2774194 -0.1784528 0.4511328 0.2783597 0.3430058 0.2823744 0.1912206
45 650 0.6796703 0.6450878 0.3272279 0.8078517 0.1629629 0.7934367 0.5152167 0.5940757 0.589627 0.6424997 1.183592 1.366959 1.389303 1.260518 1.139885 1.176886 1.057653 1.175834 1.264369 1.207392 0.5899473 0.3881411 0.6596337 0.6581268 0.3741324 0.5415876 0.4821241 0.5689259 0.5890362 0.3521503 0.8932871 1.122833 1.124697 0.8315776 0.5498647 0.7000091 0.8122342 0.9379105 0.6384953 0.8676253 0.6284758 0.4983595 0.669593 0.7680432 0.273116 0.716441 0.4550215 0.5619953 0.6384953 0.4822805
55 650 1.233035 1.094246 1.365734 1.538298 0.6800895 1.230829 0.989679 1.020576 1.025491 1.125983 1.939085 1.746893 2.526184 1.945931 2.013806 1.708624 1.657205 1.780093 2.148083 1.875607 1.11457 0.7661471 1.497656 1.269103 0.9691801 0.8438191 0.9020848 0.9418742 1.271069 0.9221175 1.494226 1.579252 2.222917 1.396953 1.267679 1.028543 1.328412 1.424567 1.106971 1.392517 1.113361 0.936396 1.519222 1.354515 0.8376849 1.325301 0.8937433 0.9215079 1.106971 0.9678262
65 650 0.406163 0.2321658 0.3195943 0.4738207 -0.2262402 0.2331136 0.2214792 0.2349564 -0.002879127 0.5413485 1.054354 1.032178 1.906847 0.9366237 1.477827 1.229766 1.187302 1.324797 1.360862 1.365182 0.3083783 -0.05360761 0.9050911 0.1318979 0.1525825 0.4022464 0.246813 0.3649359 0.4456298 0.4362635 0.7302497 0.7508211 1.636446 0.3038719 0.3849745 -0.03219756 0.7419353 0.8533101 0.130381 0.7935926 0.4297382 0.1473245 0.9187897 0.2222125 0.07705925 0.5515209 0.2477129 0.3875349 0.130381 0.4338553
75 650 0.02847378 -0.4274756 -0.3430642 0.0322811 -0.8207602 -0.4907313 -0.3309185 -0.1434127 -0.2715952 -0.02684147 0.6103623 0.6227467 1.268843 0.6774563 0.7594676 0.9270283 0.7318695 0.9713934 0.8983464 0.933515 -0.2136621 -0.6132049 0.2796769 -0.3714197 -0.3246985 -0.1590993 -0.2869252 0.002095705 -0.07581238 -0.08300799 0.2251376 0.2082687 0.9246501 -0.008795376 -0.1786066 -0.3298993 0.174509 0.4497836 -0.2241284 0.2211872 -0.006916956 -0.4870062 0.1813921 -0.1848749 -0.4591668 0.1505035 -0.2882215 -0.01577026 -0.2241284 -0.1330978
-65 750 -3.87225 -3.774696 -3.90268 -3.64853 -3.791733 -3.815639 -3.776932 -3.94493 -3.756335 -3.93228 -3.572415 -3.668589 -3.435343 -3.55479 -3.702557 -3.349341 -3.330793 -3.482018 -3.682525 -3.732 -4.077132 -4.2948 -3.71564 -3.897632 -4.246093 -4.4567 -3.609776 -3.656883 -3.962783 -4.248356 -3.843733 -3.76279 -3.340388 -3.735731 -3.738456 -3.682823 -3.559814 -4.017868 -3.722585 -3.908295 -3.919599 -3.971367 -3.948131 -3.746793 -3.892286 -3.702729 -3.772512 -3.933494 -3.722585 -3.959202
-55 750 -3.697531 -3.54016 -3.679247 -3.465533 -3.562359 -3.618925 -3.604992 -3.727361 -3.562732 -3.707463 -3.31786 -3.401632 -3.127919 -3.371328 -3.431538 -3.214416 -3.123518 -3.152253 -3.465317 -3.432266 -3.856032 -4.088666 -3.576762 -3.733072 -4.046193 -4.0272 -3.49039 -3.623249 -3.798201 -4.0239 -3.610089 -3.484341 -3.094167 -3.539188 -3.47625 -3.517089 -3.329776 -3.617811 -3.501536 -3.635242 -3.732071 -3.76198 -3.722918 -3.565431 -3.707731 -3.497358 -3.600491 -3.741232 -3.501536 -3.737349
-45 750 -3.354402 -3.108024 -3.31058 -3.061881 -3.178787 -3.330376 -3.344143 -3.38057 -3.168282 -3.26853 -2.83285 -2.905738 -2.676146 -2.968672 -3.049372 -2.888932 -2.829605 -2.770812 -3.035296 -3.016726 -3.387272 -3.670648 -3.238034 -3.304291 -3.779353 -3.512635 -3.270734 -3.379865 -3.446823 -3.604534 -3.186779 -3.050298 -2.781393 -3.119676 -3.21138 -3.206067 -3.050921 -3.168571 -3.131422 -3.214083 -3.365328 -3.392718 -3.28677 -3.122598 -3.46171 -3.215119 -3.368162 -3.401515 -3.131422 -3.35871
-35 750 -2.980764 -2.800201 -3.182209 -2.909167 -3.117471 -2.955346 -3.118528 -3.1269 -2.777348 -2.995246 -2.460467 -2.417351 -2.262597 -2.790493 -2.909248 -2.635434 -2.576772 -2.482629 -2.810887 -2.516023 -2.999518 -3.332377 -3.121742 -3.133279 -3.657092 -2.926533 -3.123559 -3.138377 -3.436876 -3.320142 -2.804667 -2.561996 -2.443226 -2.953107 -3.081034 -2.769994 -2.765653 -2.752702 -2.894648 -2.782732 -3.01419 -3.086972 -3.152081 -2.933648 -3.330251 -2.852832 -3.173023 -3.122916 -2.894648 -3.047145
-25 750 -2.480787 -2.199749 -2.885398 -2.331481 -2.584675 -2.555438 -2.703963 -2.639746 -2.36753 -2.387082 -2.313602 -2.346388 -2.424534 -2.209092 -2.521472 -2.59049 -2.425875 -2.473481 -2.358646 -2.114447 -2.411103 -2.535615 -2.899204 -2.38192 -2.930611 -2.768777 -2.669776 -2.748569 -2.519079 -2.581012 -2.3176 -2.402958 -2.468765 -2.296213 -2.619659 -2.577198 -2.482597 -2.511644 -2.371525 -2.236495 -2.387957 -2.43349 -2.878297 -2.240347 -2.696154 -2.589843 -2.714118 -2.717667 -2.371525 -2.490977
-15 750 -2.071828 -1.907876 -2.418048 -1.885705 -2.295679 -2.125302 -2.156278 -2.177697 -1.839563 -1.976679 -2.043698 -2.204481 -2.144079 -1.761423 -2.314268 -2.224311 -2.108137 -2.221797 -1.988467 -1.776687 -1.899393 -2.059854 -2.424066 -1.87791 -2.193126 -2.398368 -2.177275 -2.307575 -1.947182 -2.131697 -1.949384 -2.227943 -2.174589 -1.794135 -2.252897 -2.239383 -2.106634 -2.173125 -1.908064 -1.856003 -1.891659 -2.034327 -2.373735 -1.737258 -2.123637 -2.178485 -2.155468 -2.223186 -1.908064 -2.089043
-5 750 -0.9521985 -0.5029231 -0.8537752 -0.4417327 -0.827014 -0.7945215 -0.9038553 -0.8879003 0.2628674 0.01603022 -1.083837 -1.180105 -0.7064178 -0.4094638 -1.016445 -0.5863398 -1.034545 -0.9565892 -0.6696385 -0.2635255 -0.3448173 0.1278866 -0.405834 0.04636365 -0.162477 -0.7168795 -0.5401709 -0.2555544 0.2824758 -0.05777237 -0.6446722 -0.8075221 -0.5458692 -0.3391549 -0.1407065 -0.728476 -0.857095 -0.7323428 -0.1147465 -0.1211413 -0.1581247 0.0621093 -0.453163 -0.1419 -0.1548952 -0.6581593 -0.5055268 -0.1877083 -0.1147465 -0.1375054
5 750 -0.7266619 -1.29385 -0.733824 -0.6523385 -1.164127 -0.9859385 -0.9534059 -0.932062 0.1503269 -0.1395321 -0.7667919 -1.193249 -0.4680901 -0.5457712 -0.4931535 -0.785597 -0.7192598 -0.638968 -0.1236596 -0.3258802 -0.8337256 -1.217001 -0.7470007 -0.5960587 -0.8365064 -1.112206 -0.7406926 -0.8385532 -0.02081589 -0.531577 -0.7325599 -1.179056 -0.5597494 -0.5022688 -1.119532 -0.7824863 -0.7974441 -0.8044347 -0.1555121 -0.4150364 -0.5355357 -1.234137 -0.7073857 -0.4638238 -0.797048 -0.9244976 -0.744095 -0.8339938 -0.1555121 -0.5375569
15 750 -0.9117787 -0.4816327 -0.599764 -0.7077593 -1.194449 -0.526034 -0.5892254 -0.5690031 -0.4558933 -0.4045995 -0.3627427 -0.1254189 -0.02221459 -0.4352508 0.2671383 -0.2411394 -0.1729488 -0.05525287 -0.2400791 -0.05882192 -0.7482551 -0.4482878 -0.4597522 -0.8205597 -0.8110663 -0.6215884 -0.4695405 -0.4435446 -0.5218226 -0.6359255 -0.6240354 -0.1739037 -0.2053531 -0.5921487 -0.9127543 -0.4216723 -0.321236 -0.317432 -0.5462422 -0.3550697 -0.7821619 -0.443527 -0.4427395 -0.5977166 -0.8452 -0.5410818 -0.5055712 -0.5501848 -0.5462422 -0.5811296
25 750 0.02771804 -0.1745364 -0.2013998 0.1661448 -0.4819372 0.02869213 -0.04341592 -0.03277261 0.0518944 0.05611519 0.7264281 0.6720052 0.6907158 0.4953136 0.2938658 0.3870663 0.4570904 0.5591993 0.5737422 0.5065103 0.07902815 -0.1833182 0.03336361 -0.00188711 -0.1647671 -0.07238893 -0.02458812 -0.01494716 0.09185724 -0.1722838 0.3926928 0.4312826 0.4737359 0.2533273 -0.1202748 0.03997567 0.2561864 0.3076101 0.1165925 0.2179759 0.08011113 -0.1374372 0.0584579 0.1780359 -0.2341206 0.01503085 -0.06465039 -0.0819485 0.1165925 -0.1121094
35 750 0.3868698 0.5451245 0.3769333 0.559975 0.02939971 0.7292522 0.4854601 0.6831246 0.5035363 0.5456879 1.092831 1.498777 1.551844 1.009097 0.9834405 1.097316 1.164175 1.336767 1.252291 1.231839 0.4062096 0.2816571 0.7469211 0.4149795 0.3281773 0.4955731 0.4662667 0.5507397 0.4806493 0.3318491 0.736891 1.14222 1.238922 0.5750461 0.5201083 0.6902657 0.8266021 1.032909 0.5107885 0.7955461 0.3846439 0.4212216 0.7646257 0.5400948 0.1834457 0.6855501 0.449245 0.6188605 0.5107885 0.4051476
45 750 0.9114121 0.9973602 0.6182308 0.9961607 0.4249434 1.010514 0.6845447 0.8337763 0.7438682 0.8411438 1.484902 1.705221 1.79319 1.542403 1.668251 1.416967 1.31919 1.484872 1.614641 1.566754 0.7603235 0.59551 0.8856752 0.8642331 0.7132585 0.7494823 0.6509216 0.796106 0.8601247 0.5955974 1.128994 1.551041 1.467266 1.009785 0.930779 0.8778069 0.999483 1.1904 0.781492 1.08698 0.8427026 0.7914289 0.915072 0.9456145 0.5334635 0.9382991 0.6289987 0.7984065 0.781492 0.6931448
55 750 1.615541 1.680738 1.686065 1.899185 1.140159 1.464219 1.15453 1.297013 1.302556 1.612091 2.358517 2.069299 2.95184 2.460603 2.736117 1.991055 1.877339 2.100116 2.668193 2.383093 1.484697 1.184121 1.847332 1.719976 1.364088 1.129521 1.06402 1.216154 1.761538 1.398857 1.928226 2.147848 2.665227 1.76741 1.877174 1.252807 1.510444 1.734062 1.417573 1.856055 1.531021 1.465226 1.846539 1.702632 1.253483 1.58859 1.075197 1.214335 1.417573 1.44853
65 750 0.9008588 1.012428 0.8621944 0.7330539 0.2464529 0.7056512 0.6013664 0.7917744 0.415641 0.9689495 1.441242 1.701385 2.269396 1.329448 1.916162 1.737891 1.497949 1.722358 1.734205 1.908836 0.7401104 0.5719234 1.258395 0.4831176 0.5313165 0.912235 0.5403467 0.7801568 0.8459191 0.8455295 1.181978 1.44515 2.059809 0.6368845 0.8369902 0.560458 1.043327 1.261251 0.5024976 1.194768 0.9362516 0.8536987 1.262263 0.5224803 0.5122217 0.8036459 0.5905215 0.7888754 0.5024976 0.8501325
75 750 0.2744353 -0.1548782 -0.2654825 0.01735672 -0.5890454 -0.457258 -0.2960194 -0.1093842 -0.1852214 0.0257126 0.7836575 1.067758 1.368389 0.8361622 1.249389 1.076253 0.7832517 1.048117 1.063364 1.099856 -0.02353428 -0.3698331 0.4224414 -0.3260947 -0.1104755 -0.05222183 -0.2566587 0.04711396 0.05539798 0.05336524 0.4303075 0.5120393 1.052946 0.03253313 -0.01374731 -0.3627831 0.1965293 0.475641 -0.1206973 0.287562 0.2414299 -0.2249328 0.2861165 -0.2002432 -0.2519009 0.1177509 -0.2417219 0.01836609 -0.1206973 -0.05895583
-65 850 -3.962142 -3.835564 -3.928746 -3.753598 -3.907154 -3.882992 -3.816983 -4.001636 -3.814359 -3.980391 -3.683221 -3.709887 -3.487034 -3.666962 -3.899544 -3.46506 -3.377967 -3.698917 -3.747658 -3.783424 -4.194998 -4.35122 -3.734336 -4.013055 -4.331602 -4.696054 -3.633675 -3.639222 -4.034146 -4.284879 -3.950178 -3.783394 -3.37144 -3.85121 -3.885867 -3.744609 -3.640546 -4.242241 -3.791127 -3.962766 -3.996508 -3.985575 -3.986803 -3.860189 -3.973804 -3.75306 -3.809153 -3.989338 -3.791127 -4.002486
-55 850 -3.839409 -3.632932 -3.786265 -3.614792 -3.730522 -3.739411 -3.702861 -3.851846 -3.714893 -3.811345 -3.462095 -3.204993 -3.265182 -3.526295 -3.497519 -3.277157 -3.232982 -3.270678 -3.655615 -3.57537 -4.044858 -4.380733 -3.654667 -3.899683 -4.188197 -4.208391 -3.568258 -3.686133 -3.966959 -4.14951 -3.80068 -3.182321 -3.183778 -3.702489 -3.596489 -3.624345 -3.458821 -3.811294 -3.665518 -3.772431 -3.893353 -3.749298 -3.849781 -3.729071 -3.821772 -3.529516 -3.693352 -3.851734 -3.665518 -3.841697
-45 850 -3.513891 -3.263264 -3.426414 -3.200038 -3.274253 -3.479733 -3.483681 -3.494953 -3.356954 -3.553754 -3.045609 -3.115206 -2.802399 -3.104399 -3.185388 -2.958542 -2.958954 -2.900229 -3.227178 -3.219455 -3.565576 -3.827466 -3.315441 -3.455818 -3.902391 -3.704255 -3.372966 -3.435824 -3.634426 -3.672251 -3.382781 -3.118497 -2.865366 -3.272858 -3.301256 -3.285581 -3.18579 -3.327283 -3.319787 -3.409588 -3.523578 -3.435493 -3.406238 -3.279018 -3.549248 -3.351712 -3.490047 -3.480202 -3.319787 -3.471343
-35 850 -3.190818 -3.121675 -3.339189 -3.060009 -3.284341 -3.223251 -3.250681 -3.338336 -3.008431 -3.188706 -2.567239 -2.459558 -2.402036 -2.904303 -3.049782 -2.822173 -2.673235 -2.610024 -2.955424 -2.77519 -3.241303 -3.773833 -3.209614 -3.312368 -3.886652 -3.106631 -3.249696 -3.278267 -3.670773 -3.560315 -3.014396 -2.597038 -2.489507 -3.124101 -3.221096 -2.932265 -2.871084 -2.899431 -3.030359 -3.040018 -3.274355 -3.404092 -3.324876 -3.114504 -3.570059 -3.026328 -3.320178 -3.303516 -3.030359 -3.192657
-25 850 -2.709936 -2.620918 -2.922078 -2.437846 -2.901076 -2.737448 -2.784268 -2.754734 -2.541254 -2.640992 -2.553364 -2.668812 -2.495806 -2.300922 -2.82668 -2.652114 -2.462728 -2.472573 -2.453554 -2.475964 -2.602165 -2.907903 -2.843881 -2.525994 -3.295234 -2.747267 -2.701096 -2.75437 -2.621246 -2.772666 -2.56219 -2.667823 -2.482658 -2.42306 -2.695265 -2.601165 -2.499256 -2.523998 -2.448154 -2.564417 -2.654812 -2.74964 -2.875348 -2.409804 -3.084897 -2.673808 -2.757624 -2.77185 -2.448154 -2.656495
-15 850 -2.335518 -2.3886 -2.487987 -2.094842 -2.52373 -2.150594 -2.293316 -2.285682 -2.129989 -2.300278 -2.323406 -2.70873 -2.224222 -2.048245 -2.530328 -2.192994 -2.196148 -2.303834 -2.189295 -2.079195 -2.250889 -2.59856 -2.526526 -2.215783 -2.490452 -2.33805 -2.289398 -2.388902 -2.295892 -2.417854 -2.305148 -2.683892 -2.259853 -2.128518 -2.468727 -2.20648 -2.230263 -2.289356 -2.173087 -2.198446 -2.29357 -2.520404 -2.50229 -2.060184 -2.389951 -2.153172 -2.302535 -2.31753 -2.173087 -2.371245
-5 850 -1.16967 -1.383881 -1.396193 -0.7265614 -1.237529 -1.148509 -1.303766 -1.215934 -0.5234305 -0.5753118 -1.456676 -2.169273 -1.294282 -0.8826209 -1.293519 -1.102313 -1.371088 -1.304419 -1.247581 -0.8592651 -0.9455331 -1.068847 -1.123845 -0.5755683 -0.8247101 -1.309701 -1.034773 -0.8532532 -0.9338196 -0.9137221 -1.099959 -1.798815 -1.206248 -0.7695613 -0.7885558 -1.280577 -1.31234 -1.229153 -0.9173594 -0.875893 -0.6841863 -1.119805 -1.183362 -0.4955511 -0.7420646 -1.117299 -1.017004 -0.7662864 -0.9173594 -0.9639869
5 850 -0.6552699 -1.078112 -0.5645887 -0.4368853 -0.9839858 -0.8641471 -0.824012 -0.7630257 0.07529191 0.03284583 -0.5991173 -1.178105 -0.304954 -0.3563234 -0.07363484 -0.6691989 -0.6278958 -0.5007111 -0.165395 -0.2290409 -0.733152 -1.085309 -0.6365203 -0.4018709 -0.6640655 -1.074834 -0.6891836 -0.7861927 -0.1595526 -0.4453148 -0.6012843 -1.079646 -0.4809638 -0.3750546 -0.9673312 -0.6547609 -0.7382455 -0.7326179 -0.2366137 -0.3389344 -0.5120873 -1.088435 -0.585132 -0.2727096 -0.5637145 -0.830136 -0.6719214 -0.7300922 -0.2366137 -0.4613516
15 850 -0.4934708 -0.1801382 -0.01831408 -0.3412117 -0.7479004 -0.337463 -0.2912277 -0.2592871 -0.3428982 -0.1061829 0.1967635 0.335997 0.6130871 0.01806344 1.231204 0.107185 0.1314821 0.3398115 0.1059943 0.3142438 -0.3582334 -0.1148003 0.1338868 -0.3929262 -0.24809 -0.3450445 -0.2395056 -0.1291154 -0.2123527 -0.2812983 -0.1002321 0.2015402 0.3939999 -0.2084395 -0.2787467 -0.1846454 -0.05119109 0.06369723 -0.3490287 -0.030828 -0.3757424 -0.1038965 0.140763 -0.226157 -0.2528604 -0.296598 -0.2495576 -0.2053878 -0.3490287 -0.2692058
25 850 0.2318197 -0.01809055 0.1297742 0.3316348 -0.1947324 0.1758845 0.1489661 0.1857719 0.04191348 0.1995314 1.141363 1.127102 1.332143 0.8631616 1.362182 0.7021207 0.7624033 0.9687867 0.9884853 0.9620684 0.3295377 -0.01763687 0.5357259 0.237924 0.3878042 0.118179 0.09953977 0.138919 0.3482648 0.1247192 0.7119566 0.7053298 1.055275 0.4328612 0.5361963 0.1793008 0.4687564 0.5711021 0.1582612 0.4934347 0.3256236 0.004824326 0.5035225 0.3465535 0.1142362 0.1221352 0.11382 0.1093476 0.1582612 0.1076757
35 850 0.4094328 0.8710084 0.3249376 0.6183252 0.1637205 0.6906666 0.4341409 0.7091291 0.3772783 0.6658761 1.106723 1.96164 1.59244 1.116199 1.708177 1.171133 1.224174 1.405017 1.339442 1.469173 0.3914216 0.5585165 0.8475788 0.4707638 0.568979 0.4405187 0.4323394 0.5028926 0.4751088 0.5438722 0.7900272 1.587329 1.33326 0.6067569 0.8058459 0.5773919 0.8043434 1.064741 0.3865028 0.9420397 0.406846 0.7492583 0.8372456 0.5762567 0.2791096 0.6479299 0.4360869 0.6348196 0.3865028 0.5537813
45 850 0.8713861 1.240888 0.8599947 0.8640876 0.6647825 1.103371 0.7507908 1.083583 0.6918417 1.082375 1.568566 2.00262 2.228472 1.470432 2.323734 1.805355 1.579197 1.874283 1.702274 2.031399 0.7265827 0.6810177 1.146234 0.7463805 0.9900227 0.8916492 0.7440183 1.005856 0.9175662 0.9389115 1.187839 1.945093 1.966135 0.8727909 1.362896 0.8927229 1.128569 1.530156 0.768801 1.343056 0.8277972 0.9806268 1.1489 0.8299429 0.7681728 1.136863 0.7207832 1.063519 0.768801 0.9348179
55 850 2.018477 2.108501 1.945007 2.148017 1.505892 1.654347 1.322539 1.545593 1.567011 2.292186 2.799143 2.097223 3.337812 2.801339 3.755579 2.326819 2.168167 2.468874 3.27707 3.136172 1.870592 1.308045 2.186764 2.007231 1.693852 1.359337 1.217169 1.475604 2.402223 2.116425 2.359569 2.364533 3.151439 2.00988 2.543536 1.403814 1.716363 2.04272 1.764779 2.540845 1.948331 1.79078 2.157455 1.932118 1.554156 1.77526 1.244331 1.465564 1.764779 2.121025
65 850 0.9633002 1.046644 0.8145811 0.527006 0.1789183 0.6545975 0.5924223 0.8403064 0.1464848 0.8926381 1.375333 1.848456 2.176117 1.24778 2.353467 1.703236 1.440286 1.77776 1.510248 2.064761 0.7579194 0.6325613 1.323182 0.4137173 0.510763 1.022758 0.511265 0.8966913 0.6930744 1.066598 1.185699 1.615084 2.126574 0.455832 0.9042152 0.2030995 1.06093 1.216467 0.1832431 1.17283 1.050279 0.9310125 1.2994 0.2657298 0.5597796 0.7472857 0.6173896 0.8225855 0.1832431 0.873431
75 850 0.4026671 0.2349477 -0.2371059 0.0002954054 -0.3861665 -0.4426583 -0.2484931 -0.008418028 -0.2511894 0.1611786 0.8953834 1.701267 1.440197 1.101013 1.696161 1.379478 0.8931513 1.190688 1.123181 1.332433 0.1558282 -0.005716277 0.5119049 -0.1253683 -0.001582457 0.03860108 -0.2451106 0.1189003 0.04070325 0.270708 0.5426247 0.9351082 1.189424 0.1453579 0.06869603 -0.3956087 0.1650994 0.4856262 -0.1132307 0.4400439 0.3828244 0.1726289 0.3321231 -0.1191621 -0.1719487 0.3788466 -0.2445831 0.05419571 -0.1132307 0.1132876
-65 950 -4.051026 -3.923562 -4.02479 -3.850129 -4.060849 -3.976385 -3.89054 -4.154428 -3.934849 -4.043967 -3.765009 -3.790108 -3.610761 -3.775243 -4.163182 -3.603052 -3.449417 -3.954801 -3.873359 -3.846325 -4.288922 -4.429843 -3.819751 -4.12719 -4.471412 -5.047197 -3.679456 -3.631506 -4.157621 -4.34475 -4.064763 -3.86323 -3.469294 -3.957718 -4.148167 -3.804704 -3.776146 -4.797686 -3.926082 -4.034008 -4.084996 -4.053382 -4.096108 -3.968549 -4.127644 -3.813422 -3.87402 -4.146445 -3.926082 -4.065712
-55 950 -3.850858 -3.661862 -3.824373 -3.698328 -3.778786 -3.825609 -3.765133 -3.921868 -3.841891 -3.846392 -3.618728 -3.115619 -3.410574 -3.610248 -3.684033 -3.268034 -3.300869 -3.387174 -3.782023 -3.691285 -4.091685 -4.481161 -3.637005 -3.989574 -4.176794 -4.33795 -3.601208 -3.701482 -4.082458 -4.245063 -3.902096 -3.154148 -3.255562 -3.792686 -3.826561 -3.719336 -3.523114 -3.95036 -3.797063 -3.882247 -3.940535 -3.749456 -3.897998 -3.817687 -3.759898 -3.579723 -3.752313 -3.913776 -3.797063 -3.922263
-45 950 -3.54456 -3.531232 -3.384929 -3.498579 -3.50911 -3.942667 -3.757045 -3.570173 -3.555801 -3.681935 -3.493102 -3.479699 -2.886047 -3.386582 -3.612502 -3.185162 -3.125947 -2.634522 -3.471668 -3.568831 -3.890194 -4.079735 -3.017466 -3.780114 -4.120559 -3.768089 -3.560013 -3.283477 -3.822668 -4.320807 -3.54535 -3.205111 -2.679248 -3.589422 -3.428455 -3.545735 -3.225153 -3.237647 -3.528808 -3.834844 -3.601883 -3.446236 -3.327347 -3.604554 -3.755212 -3.264875 -3.719737 -3.462269 -3.528808 -3.865082
-35 950 -3.640445 -3.294471 -3.549701 -3.35463 -3.3108 -3.64942 -3.411468 -3.583086 -3.306884 -3.460643 -3.011664 -2.278884 -2.578034 -3.173343 -3.243201 -3.037838 -2.789195 -2.669806 -3.116956 -3.180051 -3.626973 -3.990086 -3.318362 -3.625312 -4.116275 -3.310792 -3.397154 -3.427893 -3.915469 -4.07306 -3.573584 -2.448349 -2.589465 -3.430457 -3.449716 -3.131718 -2.964528 -2.979038 -3.193068 -3.460522 -3.80942 -3.442066 -3.553853 -3.439455 -3.802965 -3.292888 -3.49608 -3.533413 -3.193068 -3.540882
-25 950 -3.075184 -3.124057 -3.163269 -2.699878 -3.114822 -2.841804 -2.943 -2.972492 -2.898601 -3.059032 -2.928904 -3.225861 -2.731338 -2.546965 -3.167741 -2.766072 -2.587231 -2.639063 -2.774477 -2.987843 -2.935264 -3.431782 -3.03535 -2.802145 -3.631145 -2.827371 -2.811614 -2.932212 -3.006974 -3.256171 -2.931769 -3.221517 -2.668119 -2.708345 -2.898041 -2.640648 -2.608701 -2.700933 -2.798131 -3.080946 -3.011537 -3.258183 -3.103504 -2.698842 -3.392578 -2.784174 -2.907213 -2.981159 -2.798131 -3.092804
-15 950 -2.56517 -2.667047 -2.581627 -2.281137 -2.755359 -2.342702 -2.517461 -2.4647 -2.404823 -2.495357 -2.489999 -2.944533 -2.357913 -2.234918 -2.796262 -2.332082 -2.343457 -2.488251 -2.395008 -2.342024 -2.493049 -2.919991 -2.665297 -2.408036 -2.762592 -2.500569 -2.447242 -2.523827 -2.543369 -2.648182 -2.523487 -2.926483 -2.374116 -2.344134 -2.650455 -2.368726 -2.412999 -2.493182 -2.424509 -2.46955 -2.526306 -2.820524 -2.653975 -2.268536 -2.593102 -2.32399 -2.50843 -2.471021 -2.424509 -2.581359
-5 950 -1.721945 -1.775696 -1.835945 -1.488283 -1.791165 -1.593359 -1.67288 -1.492934 -1.287546 -1.468464 -1.835388 -2.397428 -1.61355 -1.454823 -1.767025 -1.57466 -1.712243 -1.748774 -1.62433 -1.555154 -1.61808 -1.69623 -1.698808 -1.404204 -1.688868 -1.843921 -1.479011 -1.391323 -1.52853 -1.7007 -1.649164 -2.172298 -1.602176 -1.430344 -1.463134 -1.807056 -1.731334 -1.707417 -1.449433 -1.565164 -1.468101 -1.716976 -1.713749 -1.315868 -1.563869 -1.599909 -1.489466 -1.260956 -1.449433 -1.691345
5 950 -0.5497304 -0.6282179 -0.6346883 -0.2036823 -0.7925323 -0.7250197 -0.7081335 -0.6086568 -0.1876904 -0.003865881 -0.3644466 -0.8226522 -0.3800053 -0.139688 0.2401 -0.7208031 -0.6014161 -0.5460554 -0.1861594 -0.1184601 -0.6926317 -0.7192177 -0.7536864 -0.3020543 -0.5092192 -1.170946 -0.7504836 -0.8443789 -0.274741 -0.4664761 -0.4531389 -0.7308003 -0.5479773 -0.2345331 -0.9053447 -0.7743967 -0.7745099 -0.7905058 -0.2690987 -0.2658554 -0.5571923 -0.7149404 -0.6524237 -0.1092474 -0.4401745 -0.832129 -0.70065 -0.7359433 -0.2690987 -0.4556662
15 950 0.1456366 0.3120302 0.299964 0.257016 -0.06875272 0.1564863 0.02148088 0.118665 0.08596942 0.3617223 0.881528 0.7099736 1.219906 0.6918524 1.724863 0.6910987 0.5009267 0.7632125 0.7847636 1.076215 0.2640891 0.2810284 0.6235101 0.1176858 0.4290246 -0.03247357 -0.05458986 0.1105958 0.2524689 0.247674 0.4918111 0.5945717 1.011844 0.3062199 0.5206116 0.3457019 0.2322478 0.4136647 0.155911 0.624343 0.2421305 0.306615 0.5980117 0.260929 0.2641818 0.05661802 -0.03112794 0.06228381 0.155911 0.2684683
25 950 0.537587 0.4444449 0.4800348 0.6887205 0.2287824 0.1406771 0.1473488 0.2473802 0.3305779 0.4882489 1.571874 1.285328 1.8705 1.308115 2.328938 0.8726461 0.8793473 1.220374 1.465161 1.50813 0.6103171 0.3874429 1.060553 0.5558425 0.8355716 0.186475 0.1108846 0.2208526 0.6561479 0.5840191 1.016642 1.045577 1.592588 0.7489341 1.131037 0.1850513 0.511467 0.7324671 0.4610104 0.8913358 0.5782171 0.4212245 0.9624091 0.6437027 0.5182166 0.1345089 0.1139845 0.195529 0.4610104 0.4757571
35 950 0.4959432 0.9238097 0.2255672 0.6790974 0.3396586 0.8246376 0.3544321 0.7919051 0.2025871 0.6724549 1.213905 2.037666 1.552103 1.162917 2.181989 1.529248 1.234317 1.43712 1.540447 1.688207 0.4385623 0.8010099 0.9576385 0.4831481 0.7768739 0.6084773 0.3757844 0.4898772 0.5690139 0.6465203 0.8912807 1.805603 1.375467 0.626717 1.151747 0.6176715 0.7066958 1.128985 0.2642135 1.067427 0.5135256 0.9296613 0.8950017 0.5937729 0.4821042 0.8310598 0.3918355 0.7384243 0.2642135 0.6209247
45 950 1.392339 1.08982 1.020698 1.037211 1.062901 1.070235 0.9111487 1.339177 0.8771009 1.314492 2.107826 1.640535 2.583396 1.697584 3.11858 2.412593 1.870254 2.137685 2.077555 2.330005 1.121484 0.428254 1.432887 0.8935437 1.274249 0.5765267 0.8259469 1.087132 1.229108 1.209337 1.894289 1.735168 2.391459 1.031473 2.139023 0.6288654 1.351714 1.888931 1.041883 1.605612 1.359186 0.7914015 1.377168 0.9651133 1.139469 1.084993 0.892685 1.306758 1.041883 1.198534
55 950 2.542118 2.829041 2.067347 2.371881 1.752531 1.763153 1.3864 1.757352 1.891467 2.444199 3.448525 1.743357 3.547199 2.988148 4.744478 2.75872 2.355797 2.744894 3.82341 3.575663 2.287018 1.297659 2.360596 2.143588 2.018185 1.496304 1.207837 1.633561 2.939747 2.532055 2.992601 2.462754 3.447568 2.217275 3.357588 1.469493 1.833081 2.348043 2.130052 2.765556 2.487568 2.458335 2.325854 2.129483 1.697937 1.828902 1.29458 1.640429 2.130052 2.344561
65 950 3.29511 3.379949 3.017765 2.760036 2.143735 2.717661 2.531039 2.809783 2.618748 2.579043 3.778795 3.440001 4.107334 3.161636 5.1782 3.662077 3.570852 3.657476 4.561101 3.704889 3.054543 2.464875 3.228487 2.20502 1.85893 2.990449 2.313198 2.474002 3.502037 2.53054 3.348853 3.126297 3.96152 2.413066 2.726565 2.407186 2.740552 2.947118 2.744139 2.638426 3.322137 3.129383 3.257339 2.340063 2.051292 2.571103 2.430766 2.654938 2.744139 2.463643
75 950 0.5549535 0.1060244 -0.1056473 0.2264399 -0.1636197 -0.1661637 0.08919985 0.3162618 0.1687926 0.4371901 1.445289 2.109635 1.659399 1.530052 2.021255 2.300634 1.465521 1.616807 1.683369 1.770486 0.8217795 0.1775008 0.7409689 0.2531656 0.02249157 0.686491 0.33325 0.5368718 0.581229 0.6886216 0.7203162 0.6565163 1.522856 0.3697549 -0.01435016 -0.0494481 0.4303619 0.6672522 0.3828255 0.7421324 0.5799487 0.04221055 0.47444 0.1376297 -0.04289677 0.6449333 0.1208063 0.3239961 0.3828255 0.4245527
