exp mod -85 -75 -65 -55 -45 -35 -25 -15 -5 5 15 25 35 45 55 65 75 85
IS AMES 0 -0.011 -0.107 -0.269 -0.509 -0.531 -0.506 -0.038 0.247 0.049 0.014 -0.149 -0.231 -0.027 -0.084 -0.058 -0.069 -0.001
IS BAKER 0 -0.014 -0.038 -0.055 -0.602 -0.533 -0.244 -0.03 0.395 0.19 -0.051 -0.154 -0.36 -0.329 -0.144 -0.072 -0.056 0
IS CAMS 0 -0.004 -0.059 -0.124 -0.643 -0.577 -0.25 0 0.424 0.163 -0.046 -0.126 -0.334 -0.294 -0.115 -0.07 -0.056 -0.001
IS CMS-FLUX 0 -0.027 -0.103 -0.029 -0.581 -0.459 -0.131 -0.003 0.293 0.071 -0.037 -0.075 -0.28 -0.357 -0.15 -0.131 -0.137 -0.014
IS COLA 0 -0.03 -0.073 -0.011 -0.547 -0.733 -0.435 -0.132 0.464 0.246 0.188 0.122 -0.108 -0.198 -0.139 -0.127 -0.121 -0.024
IS CSU 0 -0.009 -0.009 -0.027 -0.493 -0.446 -0.208 0.038 0.323 0.182 -0.013 -0.118 -0.281 -0.197 -0.082 -0.062 -0.043 0
IS CT 0 -0.004 -0.155 -0.284 -0.644 -0.674 -0.539 0.012 0.337 0.052 0.038 -0.218 -0.445 -0.361 -0.144 -0.119 -0.073 0
IS NIES 0 -0.019 -0.05 -0.075 -0.896 -0.769 -0.346 -0.034 0.589 0.278 -0.079 -0.229 -0.513 -0.451 -0.203 -0.114 -0.078 0
IS OU 0 -0.01 -0.066 -0.148 -0.728 -0.665 -0.267 0.011 0.506 0.184 -0.055 -0.177 -0.438 -0.333 -0.18 -0.093 -0.069 -0.002
IS TM5-4DVAR 0 -0.017 0.007 -0.214 -0.743 -0.691 -0.262 0.101 0.617 0.247 0.022 -0.112 -0.695 -0.273 0.016 -0.031 -0.101 -0.002
IS UT 0 -0.005 -0.017 -0.293 -0.703 -0.528 -0.232 0.004 0.276 0.122 -0.062 -0.182 -0.377 -0.314 -0.19 -0.114 -0.072 -0.003
IS WEIR 0 -0.021 -0.024 -0.211 -0.747 -0.602 -0.206 0.071 0.476 0.252 0.018 -0.188 -0.437 -0.386 -0.218 -0.129 -0.132 -0.029
IS WOMBAT 0 -0.013 -0.032 -0.049 -0.578 -0.487 -0.204 -0.016 0.387 0.177 -0.06 -0.147 -0.331 -0.304 -0.142 -0.078 -0.049 -0.001
OG AMES 0 -0.007 -0.256 -0.427 -0.593 -0.565 -0.434 -0.093 0.107 -0.022 0.031 0.079 -0.086 -0.332 -0.134 -0.087 -0.066 -0.001
OG BAKER 0 -0.024 -0.071 -0.279 -0.693 -0.443 -0.305 -0.268 0.093 -0.037 -0.099 -0.141 -0.393 -0.463 -0.277 -0.085 -0.053 0
OG CAMS 0 -0.004 -0.092 -0.249 -0.733 -0.582 -0.259 -0.102 0.239 -0.067 -0.183 -0.163 -0.362 -0.339 -0.145 -0.072 -0.053 -0.001
OG CMS-FLUX 0 -0.035 -0.116 -0.043 -0.593 -0.408 -0.127 -0.015 0.243 0.037 -0.055 -0.097 -0.332 -0.424 -0.184 -0.147 -0.137 -0.014
OG COLA 0 -0.055 -0.229 -0.171 -0.489 -0.447 -0.332 -0.189 0.209 0.024 0.09 0.149 -0.016 -0.255 -0.181 -0.116 -0.145 -0.034
OG CSU 0 -0.026 -0.107 -0.102 -0.627 -0.415 -0.255 -0.135 -0.261 0.083 0.046 0.088 -0.142 -0.322 -0.159 -0.068 -0.035 0
OG CT 0 0 -0.207 -0.4 -0.419 -0.349 -0.56 -0.084 0.048 -0.073 0.035 -0.164 -0.537 -0.593 -0.07 -0.057 -0.044 0
OG NIES 0 -0.018 -0.046 -0.065 -0.893 -0.77 -0.356 -0.055 0.558 0.243 -0.087 -0.22 -0.489 -0.436 -0.204 -0.116 -0.077 0
OG OU 0 -0.011 -0.114 -0.312 -0.89 -0.66 -0.262 -0.093 0.111 0.01 -0.099 -0.113 -0.245 -0.295 -0.161 -0.072 -0.043 -0.001
OG TM5-4DVAR 0 -0.052 -0.405 -0.522 -0.317 -0.066 -0.217 -0.193 0.113 -0.065 -0.094 -0.052 -0.21 -0.349 -0.147 -0.088 -0.09 -0.018
OG UT 0 -0.004 -0.024 -0.317 -0.729 -0.513 -0.217 0.004 0.257 0.094 -0.061 -0.141 -0.335 -0.305 -0.185 -0.117 -0.078 -0.003
OG WOMBAT 0 -0.013 -0.048 -0.068 -0.629 -0.616 -0.312 -0.048 0.354 0.154 -0.045 -0.133 -0.324 -0.316 -0.158 -0.078 -0.05 -0.001
LNLG AMES 0 -0.01 -0.237 -0.385 -0.577 -0.569 -0.429 -0.001 0.211 0.072 0.075 -0.112 -0.593 -0.583 -0.135 -0.094 -0.073 -0.001
LNLG BAKER 0 -0.015 -0.042 -0.101 -0.673 -0.562 -0.257 -0.028 0.398 0.188 -0.044 -0.149 -0.379 -0.367 -0.202 -0.083 -0.054 0
LNLG CAMS 0 -0.003 -0.057 -0.138 -0.648 -0.562 -0.246 -0.019 0.412 0.174 0.004 -0.094 -0.361 -0.339 -0.138 -0.071 -0.053 -0.001
LNLG CMS-FLUX 0 -0.036 -0.119 -0.062 -0.644 -0.464 -0.135 -0.002 0.296 0.092 -0.041 -0.1 -0.404 -0.479 -0.213 -0.156 -0.145 -0.014
LNLG COLA 0 -0.036 -0.105 -0.027 -0.455 -0.582 -0.31 -0.06 0.454 0.24 0.038 -0.06 -0.231 -0.241 -0.127 -0.123 -0.137 -0.031
LNLG CSU 0 -0.007 -0.011 -0.094 -0.591 -0.438 0.113 0.119 0.638 0.143 -0.008 -0.047 -0.503 -0.435 -0.087 -0.06 -0.045 0
LNLG CT 0 -0.011 -0.401 -0.491 -0.573 -0.448 -0.189 0.053 0.187 0.035 -0.012 -0.095 -0.855 -0.986 -0.075 -0.056 -0.056 -0.001
LNLG NIES 0 -0.019 -0.051 -0.075 -0.904 -0.778 -0.356 -0.044 0.587 0.286 -0.07 -0.22 -0.507 -0.467 -0.221 -0.12 -0.079 0
LNLG OU 0 -0.008 -0.047 -0.111 -0.618 -0.538 -0.201 -0.024 0.3 0.122 -0.081 -0.196 -0.62 -0.555 -0.238 -0.092 -0.053 -0.002
LNLG TM5-4DVAR 0 -0.001 0.035 -0.152 -0.715 -0.604 -0.168 0.076 0.47 0.297 0.047 -0.263 -0.876 -0.628 -0.155 -0.083 -0.129 -0.029
LNLG UT 0 -0.006 -0.024 -0.298 -0.707 -0.521 -0.224 0.024 0.302 0.147 -0.058 -0.186 -0.379 -0.319 -0.19 -0.121 -0.082 -0.003
LNLG WOMBAT 0 -0.013 -0.034 -0.047 -0.593 -0.524 -0.239 -0.016 0.401 0.189 -0.049 -0.135 -0.329 -0.321 -0.152 -0.079 -0.05 -0.001
LNLGOGIS AMES 0 -0.011 -0.193 -0.38 -0.586 -0.539 -0.363 -0.048 0.161 0.025 0.026 -0.005 0.01 -0.047 -0.101 -0.072 -0.071 -0.001
LNLGOGIS BAKER 0 -0.02 -0.052 -0.164 -0.574 -0.361 -0.262 -0.233 0.12 -0.021 -0.092 -0.124 -0.304 -0.268 -0.13 -0.086 -0.06 -0.001
LNLGOGIS CAMS 0 -0.003 -0.071 -0.168 -0.62 -0.471 -0.175 -0.048 0.274 -0.025 -0.122 -0.09 -0.293 -0.291 -0.119 -0.066 -0.051 -0.001
LNLGOGIS CMS-FLUX 0 -0.032 -0.115 -0.058 -0.627 -0.485 -0.139 -0.002 0.287 0.08 -0.032 -0.059 -0.249 -0.363 -0.16 -0.137 -0.137 -0.014
LNLGOGIS COLA 0 -0.046 -0.153 -0.136 -0.483 -0.258 -0.105 -0.011 0.337 0.129 0.125 0.245 0.04 -0.125 -0.131 -0.128 -0.148 -0.038
LNLGOGIS CSU 0 -0.02 -0.089 -0.098 -0.491 -0.182 -0.11 -0.121 -0.27 0.129 0.089 0.267 0.249 -0.092 -0.085 -0.043 -0.026 0
LNLGOGIS CT 0 -0.005 -0.224 -0.379 -0.577 -0.461 -0.273 -0.004 0.128 0.07 0.076 -0.005 -0.331 -0.587 -0.088 -0.087 -0.1 -0.002
LNLGOGIS NIES 0 -0.016 -0.037 -0.058 -0.89 -0.77 -0.353 -0.044 0.582 0.278 -0.075 -0.224 -0.511 -0.464 -0.212 -0.118 -0.078 0
LNLGOGIS OU 0 -0.019 -0.188 -0.401 -0.788 -0.488 -0.119 -0.027 0.141 0.011 -0.118 -0.147 -0.311 -0.346 -0.217 -0.139 -0.106 -0.003
LNLGOGIS TM5-4DVAR 0 -0.073 -0.367 -0.514 -0.559 -0.173 -0.056 0.005 0.269 0.078 -0.035 -0.054 -0.308 -0.258 0.001 -0.022 -0.15 -0.027
LNLGOGIS UT 0 -0.007 -0.022 -0.29 -0.691 -0.52 -0.227 0.004 0.276 0.129 -0.056 -0.169 -0.354 -0.303 -0.183 -0.111 -0.071 -0.003
LNLGOGIS WOMBAT 0 -0.014 -0.043 -0.066 -0.615 -0.568 -0.27 -0.025 0.372 0.155 -0.038 -0.087 -0.258 -0.274 -0.156 -0.079 -0.05 -0.001
LNLGIS AMES 0 -0.011 -0.111 -0.287 -0.515 -0.52 -0.493 -0.044 0.209 0.054 0.006 -0.157 -0.309 -0.076 -0.088 -0.062 -0.065 -0.001
LNLGIS BAKER 0 -0.01 -0.021 0.024 -0.522 -0.496 -0.243 -0.031 0.387 0.175 -0.053 -0.155 -0.377 -0.353 -0.147 -0.069 -0.054 0
LNLGIS CAMS 0 -0.004 -0.076 -0.18 -0.692 -0.591 -0.252 -0.012 0.417 0.175 -0.013 -0.101 -0.343 -0.316 -0.132 -0.077 -0.061 -0.001
LNLGIS CMS-FLUX 0 -0.033 -0.117 -0.059 -0.635 -0.493 -0.139 0.002 0.297 0.085 -0.031 -0.072 -0.306 -0.393 -0.172 -0.141 -0.139 -0.014
LNLGIS COLA 0 -0.041 -0.071 0.096 -0.41 -0.59 -0.271 -0.006 0.518 0.258 0.066 -0.014 -0.164 -0.24 -0.178 -0.149 -0.16 -0.034
LNLGIS CSU 0 -0.008 0.006 -0.047 -0.524 -0.378 -0.055 0.075 0.396 0.133 -0.024 -0.062 -0.403 -0.337 -0.078 -0.066 -0.044 0
LNLGIS CT 0 -0.002 -0.103 -0.278 -0.588 -0.642 -0.415 0.04 0.364 0.034 0.036 -0.238 -0.634 -0.543 -0.08 -0.073 -0.053 0
LNLGIS NIES 0 -0.015 -0.03 -0.043 -0.871 -0.751 -0.338 -0.033 0.59 0.281 -0.076 -0.227 -0.512 -0.458 -0.211 -0.116 -0.078 0
LNLGIS OU 0 -0.01 -0.062 -0.143 -0.66 -0.592 -0.236 -0.01 0.362 0.128 -0.119 -0.295 -0.698 -0.435 -0.201 -0.107 -0.077 -0.002
LNLGIS TM5-4DVAR 0 -0.019 0.02 -0.186 -0.693 -0.572 -0.184 0.141 0.613 0.249 0.023 -0.179 -0.883 -0.329 -0.001 -0.039 -0.103 -0.004
LNLGIS UT 0 -0.002 -0.008 -0.283 -0.683 -0.502 -0.221 0.009 0.251 0.12 -0.045 -0.145 -0.348 -0.286 -0.177 -0.103 -0.064 -0.002
LNLGIS WOMBAT 0 -0.012 -0.021 -0.038 -0.562 -0.482 -0.199 -0.001 0.396 0.173 -0.047 -0.117 -0.294 -0.294 -0.146 -0.078 -0.05 -0.001
