exp mod -85 -75 -65 -55 -45 -35 -25 -15 -5 5 15 25 35 45 55 65 75 85
IS AMES 0 -0.011 -0.107 -0.24 -0.428 -0.439 -0.78 -0.492 0.777 0.867 0.63 1.451 2.884 0.4 -0.119 0.112 -0.028 -0.001
IS BAKER 0 -0.014 -0.038 -0.052 -0.636 -0.597 -0.364 -0.267 0.542 0.396 0.901 1.477 2.597 0.696 0.253 -0.029 -0.068 0
IS CAMS 0 -0.004 -0.058 -0.127 -0.642 -0.577 -0.28 -0.155 0.842 0.13 0.432 1.815 3.089 0.962 -0.237 -0.569 -0.07 -0.001
IS CMS-FLUX 0 -0.027 -0.103 -0.029 -0.581 -0.404 -0.203 -0.187 0.19 0.285 0.656 1.83 2.82 0.607 0.324 -0.178 -0.15 -0.014
IS COLA 0 -0.03 -0.072 -0.015 -0.557 -0.562 -0.118 0.2 0.973 0.614 0.512 1.346 2.985 0.055 -0.254 -0.352 -0.13 -0.024
IS CSU 0 -0.009 -0.009 -0.05 -0.554 -0.286 -0.846 -1.062 -0.211 2.603 0.671 1.526 2.873 1.107 -0.415 -0.228 -0.026 0
IS CT 0 -0.004 -0.155 -0.277 -0.634 -0.572 -0.392 0.165 0.9 0.314 0.464 1.495 2.81 0.998 0.176 -0.364 -0.108 0
IS NIES 0 -0.019 -0.05 -0.075 -0.901 -0.676 -0.296 0.06 0.901 0.66 0.285 1.012 2.484 0.862 0.391 -0.071 -0.093 0
IS OU 0 -0.01 -0.066 -0.147 -0.727 -0.474 -0.3 0.101 0.57 0.732 0.486 1.169 2.812 0.791 0.095 -0.363 -0.067 -0.002
IS TM5-4DVAR 0 -0.017 0.007 -0.217 -0.746 -0.755 -0.383 0.178 0.889 0.232 0.439 1.373 2.637 1.045 0.344 -0.449 -0.131 -0.002
IS UT 0 -0.005 -0.017 -0.294 -0.658 -0.408 -0.528 -0.568 0.091 1.221 1.082 2.102 2.552 0.313 -0.242 -0.332 -0.078 -0.003
IS WEIR 0 -0.02 -0.024 -0.21 -0.751 -0.539 -0.082 0.239 0.92 0.567 0.768 1.495 2.577 0.581 -0.107 -0.51 -0.159 -0.029
IS WOMBAT 0 -0.013 -0.032 -0.055 -0.592 -0.686 -0.639 -0.255 0.039 1.8 1.039 0.825 2.673 1.081 -0.097 -0.378 -0.103 -0.001
OG AMES 0 -0.007 -0.256 -0.428 -0.495 -0.014 -0.104 -0.085 0.172 -0.134 0.394 1.894 2.863 0.629 0.067 0.139 -0.032 -0.001
OG BAKER 0 -0.024 -0.071 -0.31 -0.682 0.324 0.166 -1.001 -0.417 -0.133 1.29 2.236 2.463 0.143 0.162 0.534 -0.02 0
OG CAMS 0 -0.004 -0.093 -0.284 -0.756 -0.137 0.337 -0.097 0.116 -0.754 0.029 1.742 3.154 1.182 0.359 -0.208 -0.045 0
OG CMS-FLUX 0 -0.035 -0.116 -0.044 -0.593 -0.335 -0.155 0.002 0.042 0.039 0.49 1.331 2.866 1.096 0.226 0.02 -0.099 -0.014
OG COLA 0 -0.055 -0.229 -0.177 -0.539 -0.096 -0.175 -0.321 0.324 -0.096 0.574 1.803 2.976 0.668 0.303 -0.172 -0.178 -0.034
OG CSU 0 -0.026 -0.107 -0.17 -0.61 -0.006 -0.275 0.168 -0.104 -1.01 0.976 2.109 2.976 0.552 0.176 0.105 -0.023 0
OG CT 0 0 -0.207 -0.391 -0.363 -0.011 -0.275 0.09 0.128 -0.079 0.366 1.397 2.622 0.617 0.706 -0.054 -0.047 0.001
OG NIES 0 -0.018 -0.046 -0.064 -0.878 -0.484 0.133 0.446 0.034 -0.626 -0.113 1.022 2.915 1.459 0.861 0.074 -0.084 0
OG OU 0 -0.011 -0.114 -0.315 -0.859 0.228 0.268 -0.243 0.511 0.01 -0.008 0.935 2.612 0.857 0.364 0.336 -0.025 -0.001
OG TM5-4DVAR 0 -0.052 -0.405 -0.522 -0.29 0.304 0.225 -0.159 0.057 -0.04 0.261 0.935 2.754 0.91 0.686 0.056 -0.098 -0.018
OG UT 0 -0.004 -0.024 -0.321 -0.727 -0.427 -0.061 0.206 0.135 -0.014 0.363 1.856 2.713 0.877 0.208 -0.084 -0.077 -0.003
OG WOMBAT 0 -0.013 -0.048 -0.068 -0.62 -0.576 -0.247 -0.078 0.197 -0.043 1.023 1.506 2.672 0.462 0.606 -0.026 -0.087 -0.001
LNLG AMES 0 -0.01 -0.237 -0.371 -0.544 -0.453 -0.756 -0.452 0.825 1.375 1.101 1.218 2.781 0.167 0.094 0.043 -0.058 -0.001
LNLG BAKER 0 -0.015 -0.042 -0.071 -0.664 -0.765 -1.002 -0.808 0.68 1.599 1.455 1.464 3.367 0.265 -0.555 -0.194 -0.054 0
LNLG CAMS 0 -0.003 -0.057 -0.109 -0.5 -0.455 -0.688 -0.366 0.381 0.538 1.036 1.296 3.421 0.689 -0.084 -0.395 -0.063 -0.001
LNLG CMS-FLUX 0 -0.036 -0.119 -0.064 -0.648 -0.506 -0.435 -0.182 0.498 0.792 0.732 1.521 2.889 0.452 0.172 -0.231 -0.133 -0.014
LNLG COLA 0 -0.036 -0.105 -0.029 -0.471 -0.68 -0.911 -0.858 0.804 1.471 1.033 1.067 3.399 0.732 0.001 -0.457 -0.201 -0.031
LNLG CSU 0 -0.007 -0.011 -0.137 -0.586 -0.525 -0.888 -0.738 1.164 1.468 0.828 1.053 2.631 0.775 -0.017 -0.112 -0.025 0
LNLG CT 0 -0.011 -0.401 -0.49 -0.534 -0.302 -0.146 0.131 0.626 0.459 0.526 1.694 2.69 0.422 0.433 -0.147 -0.103 0
LNLG NIES 0 -0.019 -0.051 -0.077 -0.92 -0.813 -0.681 -0.403 1.068 1.24 0.436 1.218 2.67 0.826 0.289 -0.11 -0.09 0
LNLG OU 0 -0.008 -0.047 -0.109 -0.601 -0.505 -0.67 -0.22 0.88 1.471 0.52 0.834 2.808 0.357 0.021 -0.08 -0.06 -0.001
LNLG TM5-4DVAR 0 -0.001 0.036 -0.149 -0.687 -0.566 -0.694 -0.386 0.765 1.553 0.895 0.885 2.439 0.583 0.273 -0.046 -0.143 -0.028
LNLG UT 0 -0.006 -0.024 -0.298 -0.703 -0.541 -0.684 -0.52 0.762 1.851 0.688 1.089 2.522 0.854 0.14 -0.24 -0.094 -0.003
LNLG WOMBAT 0 -0.013 -0.034 -0.054 -0.608 -0.686 -0.83 -0.422 0.662 1.476 0.845 1.048 2.608 0.551 0.229 0.036 -0.051 -0.001
LNLGOGIS AMES 0 -0.011 -0.193 -0.373 -0.493 -0.347 -0.448 -0.174 0.538 0.657 0.677 1.605 3.089 0.365 -0.2 0.03 -0.028 -0.001
LNLGOGIS BAKER 0 -0.02 -0.052 -0.128 -0.469 -0.12 -0.568 -1.033 -0.001 0.605 1.448 1.69 3.358 0.542 -0.375 -0.064 -0.095 0
LNLGOGIS CAMS 0 -0.003 -0.071 -0.175 -0.546 -0.314 -0.208 -0.209 0.19 -0.136 0.433 1.418 3.782 0.906 -0.284 -0.159 -0.054 0
LNLGOGIS CMS-FLUX 0 -0.032 -0.115 -0.059 -0.628 -0.471 -0.315 -0.199 0.326 0.588 0.796 1.734 2.855 0.489 0.019 -0.194 -0.125 -0.014
LNLGOGIS COLA 0 -0.046 -0.153 -0.125 -0.421 -0.392 -0.385 -0.811 0.407 1.257 1.193 1.604 3.682 -0.081 -0.407 -0.263 -0.159 -0.038
LNLGOGIS CSU 0 -0.02 -0.089 -0.167 -0.441 -0.097 -0.64 -0.203 -0.01 0.052 1.047 1.899 3.274 0.758 -0.336 -0.212 -0.031 0
LNLGOGIS CT 0 -0.005 -0.224 -0.374 -0.535 -0.263 -0.163 0.061 0.377 0.233 0.581 1.655 2.926 0.831 0.19 -0.341 -0.058 -0.002
LNLGOGIS NIES 0 -0.016 -0.037 -0.055 -0.879 -0.593 -0.243 -0.15 0.543 0.612 0.336 1.139 2.715 0.986 0.367 -0.076 -0.088 0
LNLGOGIS OU 0 -0.019 -0.188 -0.406 -0.734 0.033 -0.167 -0.096 0.696 0.642 0.326 0.985 3.051 0.493 0.344 -0.116 -0.181 -0.003
LNLGOGIS TM5-4DVAR 0 -0.073 -0.367 -0.516 -0.534 -0.036 -0.169 -0.043 0.521 0.741 0.371 1.036 3.02 0.77 0.353 -0.21 -0.179 -0.027
LNLGOGIS UT 0 -0.007 -0.022 -0.291 -0.652 -0.382 -0.307 -0.221 0.283 1.097 0.904 1.815 2.556 0.459 -0.148 -0.329 -0.076 -0.003
LNLGOGIS WOMBAT 0 -0.014 -0.043 -0.073 -0.647 -0.708 -0.58 -0.04 0.491 0.755 0.846 1.455 2.784 0.836 0.093 -0.345 -0.1 -0.001
LNLGIS AMES 0 -0.011 -0.111 -0.262 -0.442 -0.495 -0.94 -0.599 0.924 1.443 0.834 1.266 2.722 0.318 -0.066 0.115 -0.004 0
LNLGIS BAKER 0 -0.01 -0.021 0.112 -0.432 -0.729 -0.962 -0.972 0.362 1.396 1.426 1.368 3.198 0.293 -0.326 -0.022 -0.061 0
LNLGIS CAMS 0 -0.004 -0.076 -0.185 -0.631 -0.531 -0.612 -0.483 0.762 0.778 0.848 1.268 3.259 0.749 -0.017 -0.415 -0.132 -0.001
LNLGIS CMS-FLUX 0 -0.033 -0.117 -0.061 -0.637 -0.477 -0.316 -0.227 0.384 0.617 0.816 1.783 2.895 0.55 -0.007 -0.276 -0.14 -0.014
LNLGIS COLA 0 -0.041 -0.071 0.098 -0.39 -0.732 -0.862 -0.827 0.886 1.545 0.666 1.331 3.715 0.078 -0.428 -0.223 -0.181 -0.034
LNLGIS CSU 0 -0.008 0.006 -0.081 -0.512 -0.507 -1.015 -0.729 0.947 1.516 0.854 1.073 2.724 0.843 -0.048 -0.176 -0.033 0
LNLGIS CT 0 -0.002 -0.103 -0.272 -0.543 -0.548 -0.419 -0.026 0.732 0.417 0.536 1.514 2.753 0.775 0.148 -0.212 -0.029 0
LNLGIS NIES 0 -0.015 -0.03 -0.04 -0.857 -0.632 -0.471 -0.419 0.944 1.101 0.398 1.147 2.53 0.839 0.316 -0.087 -0.092 0
LNLGIS OU 0 -0.01 -0.062 -0.142 -0.641 -0.532 -0.716 -0.05 0.873 1.382 0.532 0.682 2.834 0.377 0.348 -0.172 -0.088 -0.002
LNLGIS TM5-4DVAR 0 -0.019 0.02 -0.187 -0.672 -0.582 -0.739 -0.163 0.767 1.307 0.551 0.949 2.526 0.797 0.394 -0.184 -0.128 -0.004
LNLGIS UT 0 -0.002 -0.008 -0.283 -0.628 -0.39 -0.574 -0.719 0.253 1.823 0.828 1.624 2.574 0.327 -0.061 -0.32 -0.075 -0.002
LNLGIS WOMBAT 0 -0.012 -0.021 -0.043 -0.567 -0.551 -0.655 -0.419 0.406 1.238 0.844 1.179 2.693 0.893 0.06 -0.259 -0.084 -0.001
