-65 -55 -45 -35 -25 -15 -5 5 15 25 35 45 55 65 75
350 450 550 650 750 850 950
1.134893 1.491026 1.660124 1.795519 1.926146 2.059046 2.604616
0.9851633 1.138538 1.227812 1.538852 1.638256 1.780898 1.731968
1.047024 1.058287 1.011448 0.968891 1.13173 1.112228 0.7412278
1.528852 1.441255 1.330656 1.184693 1.047349 1.362034 1.519219
1.795403 2.72513 2.780374 2.066302 1.514085 0.9787895 0.9852604
1.41762 1.856573 1.478437 1.351561 1.074541 0.8767864 0.8269419
1.630098 0.9920127 0.6364001 2.276253 2.493165 0.4020698 0.7215237
3.591373 3.669467 3.521874 3.36214 3.614894 4.307612 3.669044
5.234915 5.473514 5.329563 5.50766 6.193217 6.96231 8.204947
5.869878 6.586627 6.580403 6.723631 7.156587 8.264317 8.946268
6.719494 7.25925 7.71098 8.230332 8.84119 8.796427 8.897231
7.404134 8.314132 8.831806 9.00075 9.182267 9.964774 9.580582
8.828478 9.299817 8.659748 8.478417 8.454317 8.351247 8.114296
10.21933 11.35482 12.05606 12.54244 12.06624 13.31415 10.68866
9.873165 11.40331 12.20778 13.32332 14.05109 14.32629 14.17036
