-65 -55 -45 -35 -25 -15 -5 5 15 25 35 45 55 65 75
350 450 550 650 750 850 950
1.200127 1.271135 1.425006 1.573595 1.71828 1.819018 2.032585
1.263072 1.233532 1.256144 1.425333 1.611384 1.714611 1.665462
1.238898 1.159852 1.104266 1.027449 0.9363204 0.7689376 1.195639
1.92623 1.40253 1.188462 1.022924 0.6786262 0.4223849 0.5949583
2.122464 2.423297 1.891581 1.195395 1.357253 0.9963375 0.6564977
1.231165 1.646021 1.602684 0.9128397 1.019541 0.6098432 0.9024996
2.024481 0.8616205 1.159275 2.501464 1.776176 0.37169 0.8370605
3.110783 3.167228 3.406115 3.549012 4.058038 4.175016 4.539741
4.642561 5.248556 5.137216 5.079753 5.621606 6.384264 7.86167
5.477354 6.208538 6.351861 6.777878 7.448015 8.477379 10.24451
6.715115 7.325882 7.802597 8.718133 9.397405 9.808087 9.973425
7.625584 8.198113 8.783946 9.297165 9.879952 11.06018 10.67896
8.651484 9.00731 9.113372 9.106207 8.656463 8.794321 9.32214
10.17864 11.75749 12.95097 13.93597 13.97396 16.2148 10.96903
10.29618 11.89043 12.86108 14.21363 15.16055 16.22406 17.45051
