-65 -55 -45 -35 -25 -15 -5 5 15 25 35 45 55 65 75
350 450 550 650 750 850 950
-3.072446 -3.312239 -3.476847 -3.59977 -3.735731 -3.85121 -3.957718
-2.773504 -3.06497 -3.200485 -3.371376 -3.539188 -3.702489 -3.792686
-2.627874 -2.734627 -2.820724 -2.95384 -3.119676 -3.272858 -3.589422
-2.336299 -2.411205 -2.597417 -2.772235 -2.953107 -3.124101 -3.430457
-2.156566 -2.518769 -2.482428 -2.291546 -2.296213 -2.42306 -2.708345
-1.684531 -2.008831 -2.096313 -1.83259 -1.794135 -2.128518 -2.344134
-1.454966 -1.340013 -0.9023624 -0.4599522 -0.3391549 -0.7695613 -1.430344
-1.085616 -1.080361 -1.000751 -0.6623638 -0.5022688 -0.3750546 -0.2345331
-0.8326141 -0.7520108 -0.7323684 -0.7319001 -0.5921487 -0.2084395 0.3062199
-0.4803577 -0.3034834 -0.1427311 0.1160648 0.2533273 0.4328612 0.7489341
-0.08156575 0.1134717 0.3003364 0.341979 0.5750461 0.6067569 0.626717
0.3531646 0.5713692 0.7108002 0.8315776 1.009785 0.8727909 1.031473
0.187149 0.5607231 1.046557 1.396953 1.76741 2.00988 2.217275
0.04582591 0.2239309 0.3126075 0.3038719 0.6368845 0.455832 2.413066
-0.7302177 -0.2350289 -0.09741863 -0.008795376 0.03253313 0.1453579 0.3697549
