lat prs camp flt x yday
5 350 21 1 -0.3370907 210
15 350 21 1 -0.6531572 210
25 350 21 1 -0.4797156 210
35 350 21 1 -0.3108315 210
5 450 21 1 -0.5577268 210
15 450 21 1 -0.5125814 210
25 450 21 1 -0.4982584 210
5 550 21 1 -0.6732654 210
15 550 21 1 -0.5369976 210
25 550 21 1 -0.4906058 210
5 650 21 1 -0.7067615 210
15 650 21 1 -0.58432 210
25 650 21 1 -0.2681879 210
5 750 21 1 -0.7745676 210
15 750 21 1 -0.525796 210
5 850 21 1 -0.8613686 210
15 850 21 1 -0.5173884 210
25 850 21 1 -0.2971255 210
5 950 21 1 -0.8343409 210
15 950 21 1 -0.6499161 210
25 950 21 1 -0.7149601 210
5 350 22 1 -1.44013 25
15 350 22 1 -1.128688 25.64151
25 350 22 1 -0.1641415 25.73333
35 350 22 1 0.4293769 25.14894
5 450 22 1 -1.453999 25
15 450 22 1 -1.155668 25.5
25 450 22 1 -0.2456183 26
35 450 22 1 1.062018 26
5 550 22 1 -1.256631 25
15 550 22 1 -1.044464 25.51852
25 550 22 1 0.6679189 26
35 550 22 1 2.296626 26
5 650 22 1 -0.6201229 25
15 650 22 1 -0.4402211 25.5
25 650 22 1 2.035846 26
35 650 22 1 3.167165 26
5 750 22 1 -0.4664589 25
15 750 22 1 0.4487501 25.71429
25 750 22 1 2.926874 26
35 750 22 1 3.618822 26
5 850 22 1 -0.07646067 25
15 850 22 1 1.740385 26
25 850 22 1 3.506243 26
35 850 22 1 3.934202 26
5 950 22 1 -0.03164002 25
15 950 22 1 2.203354 26
25 950 22 1 4.295495 26
-5 350 23 1 -1.94721 270
5 350 23 1 -2.14175 270
15 350 23 1 -2.759389 270
25 350 23 1 -2.785691 270
35 350 23 1 -3.061336 270.2581
-5 450 23 1 -1.846662 270
5 450 23 1 -2.128178 270
15 450 23 1 -2.935981 270
25 450 23 1 -2.976033 270
35 450 23 1 -3.279425 270.4923
-5 550 23 1 -1.845043 270
5 550 23 1 -2.637254 270
15 550 23 1 -3.086856 270
25 550 23 1 -3.227738 270
35 550 23 1 -3.836768 270.4688
5 650 23 1 -2.147532 270
15 650 23 1 -3.276642 270
25 650 23 1 -3.352037 270
35 650 23 1 -4.231327 270.4324
5 750 23 1 -1.769805 270
15 750 23 1 -3.68474 270
25 750 23 1 -3.466287 270
35 750 23 1 -4.24067 270.6154
5 850 23 1 -1.611221 270
15 850 23 1 -4.102289 270
25 850 23 1 -4.291737 270
35 850 23 1 -3.332569 270.66
5 950 23 1 -1.795501 270
15 950 23 1 -4.114234 270
25 950 23 1 -4.509907 270
35 950 23 1 -2.637164 270.9
5 350 24 1 0.8517129 113
15 350 24 1 1.676913 113
25 350 24 1 1.210519 113
35 350 24 1 1.875817 113
5 450 24 1 0.7431218 113
15 450 24 1 1.694759 113
25 450 24 1 1.787467 113
35 450 24 1 2.431278 113
5 550 24 1 0.6257867 113
15 550 24 1 1.677277 113
25 550 24 1 1.726336 113
35 550 24 1 3.269168 113.3462
5 650 24 1 1.457441 113
15 650 24 1 1.722971 113
25 650 24 1 1.842767 113
35 650 24 1 3.482411 113.4667
5 750 24 1 1.67557 113
15 750 24 1 1.866547 113
25 750 24 1 2.092345 113
5 850 24 1 1.156659 113
15 850 24 1 1.700782 113
25 850 24 1 2.550856 113
5 950 24 1 0.5206007 113
15 950 24 1 3.7823 113
25 950 24 1 5.101615 113
35 350 21 2 -0.3234349 213
45 350 21 2 -0.4738691 213
65 350 21 2 -5.675615 213.1282
75 350 21 2 -7.500468 213
65 450 21 2 -6.21465 213.7614
75 450 21 2 -7.060721 213
65 550 21 2 -7.583504 213
75 550 21 2 -7.11275 213
65 650 21 2 -8.506975 213
75 650 21 2 -8.013895 213
75 750 21 2 -8.654183 213
75 850 21 2 -9.263966 213
75 950 21 2 -9.577889 213
35 350 22 2 0.3934178 28
45 350 22 2 1.210381 28
55 350 22 2 1.791902 28
65 350 22 2 2.754971 29
75 350 22 2 2.394823 29
35 450 22 2 0.5312885 28
45 450 22 2 2.327565 28
55 450 22 2 2.901011 28
65 450 22 2 3.898924 29
75 450 22 2 3.831273 29
35 550 22 2 0.6268673 28
45 550 22 2 2.866191 28
55 550 22 2 3.479118 28
65 550 22 2 4.27653 29
75 550 22 2 3.997684 29
35 650 22 2 1.022017 28
45 650 22 2 2.826628 28
55 650 22 2 4.081402 28
65 650 22 2 4.617557 29
75 650 22 2 4.471267 29
35 750 22 2 1.421819 28
45 750 22 2 3.173209 28
55 750 22 2 4.564507 28
65 750 22 2 5.082211 29
75 750 22 2 5.060805 29
35 850 22 2 2.266829 28
45 850 22 2 3.904073 28
55 850 22 2 4.799027 28
65 850 22 2 5.643739 29
75 850 22 2 5.693351 29
35 950 22 2 2.895956 28
45 950 22 2 3.75015 28
55 950 22 2 4.926347 28
65 950 22 2 6.008465 29
75 950 22 2 6.36446 29
35 350 23 2 -3.082175 273
45 350 23 2 -2.773011 273
55 350 23 2 -3.725066 273
65 350 23 2 -3.902015 274
75 350 23 2 -4.218019 273.5581
35 450 23 2 -2.827536 273
45 450 23 2 -2.864045 273
55 450 23 2 -3.996546 273
65 450 23 2 -4.379768 274
75 450 23 2 -4.620858 273.5455
35 550 23 2 -3.02271 273
45 550 23 2 -3.067299 273
55 550 23 2 -4.568396 273
65 550 23 2 -4.701598 274
75 550 23 2 -4.966475 273.8421
35 650 23 2 -3.89522 273
45 650 23 2 -3.533639 273
55 650 23 2 -4.800577 273
65 650 23 2 -5.027299 274
75 650 23 2 -5.191085 274
35 750 23 2 -5.107866 273
45 750 23 2 -4.482049 273
55 750 23 2 -4.997908 273
65 750 23 2 -5.080905 274
75 750 23 2 -5.423128 274
35 850 23 2 -5.421869 273
45 850 23 2 -5.276435 273
55 850 23 2 -5.281487 273
75 850 23 2 -5.568643 274
35 950 23 2 -5.050272 273
45 950 23 2 -5.194345 273
55 950 23 2 -5.421269 273
75 950 23 2 -4.792498 274
35 350 24 2 3.513069 116
45 350 24 2 3.699457 116
55 350 24 2 4.368069 116
65 350 24 2 4.843285 117
75 350 24 2 4.520045 116.36
35 450 24 2 3.842377 116
45 450 24 2 4.020805 116
55 450 24 2 5.164871 116
65 450 24 2 5.500628 117
75 450 24 2 5.644827 116.4762
35 550 24 2 3.976985 116
45 550 24 2 4.362244 116
55 550 24 2 5.361213 116
65 550 24 2 6.742639 117
75 550 24 2 6.510893 116.5179
35 650 24 2 4.116318 116
45 650 24 2 4.799258 116
55 650 24 2 5.662319 116
65 650 24 2 7.273524 117
75 650 24 2 7.662934 116.4921
35 750 24 2 4.487605 116
45 750 24 2 5.31754 116
55 750 24 2 6.313259 116
65 750 24 2 7.39042 117
75 750 24 2 8.024563 116.5172
35 850 24 2 4.666188 116
45 850 24 2 5.788266 116
55 850 24 2 6.925304 116
65 850 24 2 7.768908 117
75 850 24 2 8.303284 116.4468
35 950 24 2 4.599176 116
45 950 24 2 5.946498 116
55 950 24 2 7.245709 116
65 950 24 2 7.78533 117
75 950 24 2 8.538233 116.6042
25 350 21 3 -0.9478085 216
35 350 21 3 -1.16961 215.2836
45 350 21 3 -3.48361 215
55 350 21 3 -4.727571 215
65 350 21 3 -6.651776 215
25 450 21 3 -0.527134 216
35 450 21 3 -0.8843336 215.3061
45 450 21 3 -2.727056 215
55 450 21 3 -2.882576 215
65 450 21 3 -7.775363 215
25 550 21 3 -0.4127661 216
35 550 21 3 -0.5093639 215.4583
45 550 21 3 -2.038544 215
55 550 21 3 -2.223259 215
65 550 21 3 -7.358545 215
25 650 21 3 -0.3636857 216
35 650 21 3 -1.019135 215.2836
45 650 21 3 -1.550542 215
55 650 21 3 -1.853322 215
65 650 21 3 -7.714857 215
25 750 21 3 -0.4852733 216
35 750 21 3 -1.886008 215.5333
45 750 21 3 -1.419017 215
55 750 21 3 -1.526752 215
65 750 21 3 -8.935149 215
35 850 21 3 -2.956519 215.4884
45 850 21 3 -1.443166 215
55 850 21 3 -1.297329 215
65 850 21 3 -12.05474 215
35 950 21 3 -3.08187 215.4865
45 950 21 3 -1.300822 215
55 950 21 3 -1.41819 215
25 350 22 3 0.7052177 32
35 350 22 3 1.701635 32
45 350 22 3 2.155539 31
55 350 22 3 2.619376 31
65 350 22 3 3.387808 31
25 450 22 3 0.640047 32
35 450 22 3 2.422748 32
45 450 22 3 3.568403 31
55 450 22 3 3.787395 31
65 450 22 3 3.459892 31
25 550 22 3 1.283815 32
35 550 22 3 3.352158 32
45 550 22 3 4.275253 31
55 550 22 3 4.51063 31
65 550 22 3 3.940818 31
25 650 22 3 1.807416 32
35 650 22 3 4.152433 32
45 650 22 3 4.655026 31
55 650 22 3 4.912806 31
65 650 22 3 4.209779 31
15 750 22 3 1.231988 32
25 750 22 3 2.649321 32
35 750 22 3 4.382425 32
45 750 22 3 4.822376 31
55 750 22 3 4.858847 31
65 750 22 3 4.451062 31
15 850 22 3 2.61584 32
25 850 22 3 3.011021 32
35 850 22 3 4.140214 32
45 850 22 3 5.074622 31
55 850 22 3 5.165008 31
65 850 22 3 4.619548 31
15 950 22 3 3.170156 32
25 950 22 3 3.386166 32
35 950 22 3 3.911461 32
45 950 22 3 5.310671 31
55 950 22 3 6.538824 31
25 350 23 3 -2.874135 277
35 350 23 3 -3.218712 276
45 350 23 3 -2.681636 276
55 350 23 3 -3.060157 276
65 350 23 3 -4.077829 276
25 450 23 3 -2.920362 277
35 450 23 3 -3.784546 276
45 450 23 3 -3.325637 276
55 450 23 3 -3.304164 276
65 450 23 3 -4.193315 276
25 550 23 3 -3.402651 276.3438
35 550 23 3 -4.131467 276
45 550 23 3 -3.914308 276
55 550 23 3 -3.548032 276
25 650 23 3 -3.561968 276.45
35 650 23 3 -4.284208 276
45 650 23 3 -4.343487 276
55 650 23 3 -3.867645 276
25 750 23 3 -3.778367 276.4571
35 750 23 3 -4.306375 276
45 750 23 3 -4.455526 276
55 750 23 3 -3.811111 276
25 850 23 3 -4.034112 276.4138
35 850 23 3 -4.255068 276
45 850 23 3 -4.049556 276
55 850 23 3 -4.42562 276
25 950 23 3 -4.234895 276
35 950 23 3 -4.553046 276
45 950 23 3 -3.836721 276
55 950 23 3 -4.570058 276
25 350 24 3 3.239999 119
35 350 24 3 4.41217 118
45 350 24 3 4.731517 118
55 350 24 3 2.457743 118
65 350 24 3 4.191285 118
25 450 24 3 4.07491 118.7843
35 450 24 3 4.73708 118
45 450 24 3 4.269144 118
55 450 24 3 3.583257 118
65 450 24 3 5.232132 118
25 550 24 3 4.018067 118.75
35 550 24 3 4.867502 118
45 550 24 3 4.045908 118
55 550 24 3 3.7365 118
65 550 24 3 5.73776 118
25 650 24 3 4.519029 118.6809
35 650 24 3 5.271937 118
45 650 24 3 4.464457 118
55 650 24 3 4.216251 118
65 650 24 3 6.213272 118
25 750 24 3 4.728381 118.6667
35 750 24 3 5.540895 118
45 750 24 3 4.938898 118
55 750 24 3 4.383059 118
25 850 24 3 5.159253 118.6757
35 850 24 3 5.690393 118
45 850 24 3 5.954562 118
55 850 24 3 5.220962 118
15 950 24 3 2.61941 119
25 950 24 3 5.883147 118.7877
35 950 24 3 5.820571 118
45 950 24 3 5.848634 118
55 950 24 3 5.314459 118
-15 350 21 4 -0.7552864 219
-5 350 21 4 -0.8494843 218.6834
5 350 21 4 -0.6124497 218
15 350 21 4 -0.8259789 218
-15 450 21 4 -0.9425455 219
-5 450 21 4 -0.9432412 218.6023
5 450 21 4 -0.7261136 218
15 450 21 4 -0.5198621 218
-15 550 21 4 -0.9960096 219
-5 550 21 4 -0.9433253 218.5915
5 550 21 4 -0.6640629 218
15 550 21 4 -0.5472354 218
-15 650 21 4 -0.9767512 219
-5 650 21 4 -0.8623542 218.4068
5 650 21 4 -0.6533192 218
15 650 21 4 -0.5883311 218
-15 750 21 4 -1.052488 219
-5 750 21 4 -0.8022797 218.525
5 750 21 4 -0.7857018 218
15 750 21 4 -0.7638675 218
-15 850 21 4 -1.213315 219
-5 850 21 4 -0.8721425 218.4444
5 850 21 4 -0.8753776 218
15 850 21 4 -1.280734 218
-15 950 21 4 -1.278455 219
-5 950 21 4 -0.861832 218.4255
5 950 21 4 -0.7996617 218
15 950 21 4 -1.465046 218
-15 350 22 4 -0.9109012 34
-5 350 22 4 -0.8938428 33.87179
5 350 22 4 -0.3582929 33
15 350 22 4 0.2882709 33
-15 450 22 4 -1.010142 34
-5 450 22 4 -0.8064672 33.79167
5 450 22 4 -0.02212225 33
15 450 22 4 -0.100774 33
-15 550 22 4 -1.362603 34
-5 550 22 4 -0.8519006 33.81429
5 550 22 4 0.3629319 33
15 550 22 4 0.4696428 33
-15 650 22 4 -1.202551 34
-5 650 22 4 -0.9694845 33.79661
5 650 22 4 0.2019887 33
15 650 22 4 0.6303449 33
-15 750 22 4 -0.8218161 34
-5 750 22 4 -0.9203532 33.78182
5 750 22 4 -0.2229513 33
15 750 22 4 0.5221128 33
-15 850 22 4 -0.4848839 34
-5 850 22 4 -0.3325243 33.76471
5 850 22 4 -0.004268132 33
15 850 22 4 1.143467 33
-15 950 22 4 -0.333893 34
-5 950 22 4 -0.1024286 33.94286
5 950 22 4 0.09772379 33
15 950 22 4 1.739993 33
-15 350 23 4 -2.562557 279
-5 350 23 4 -2.510116 279
5 350 23 4 -2.599225 278.2759
15 350 23 4 -2.337024 278
-15 450 23 4 -2.527049 279
-5 450 23 4 -2.528003 279
5 450 23 4 -2.623384 278.5238
15 450 23 4 -2.7311 278
-15 550 23 4 -2.446171 279
-5 550 23 4 -2.558099 279
5 550 23 4 -2.662747 278.4717
15 550 23 4 -3.014973 278
-15 650 23 4 -2.52616 279
-5 650 23 4 -2.561157 279
5 650 23 4 -2.729494 278.5319
15 650 23 4 -3.193169 278
-15 750 23 4 -2.645178 279
-5 750 23 4 -2.585177 279
5 750 23 4 -2.830001 278.475
15 750 23 4 -3.569652 278
-15 850 23 4 -2.840515 279
-5 850 23 4 -2.504533 279
5 850 23 4 -2.628925 278.5
15 850 23 4 -3.911377 278
-15 950 23 4 -3.034963 279
-5 950 23 4 -2.277993 279
5 950 23 4 -2.3959 278.4301
15 950 23 4 -3.973167 278
-15 350 24 4 -1.160585 121
-5 350 24 4 -0.961587 121
5 350 24 4 -0.5006583 120
15 350 24 4 1.145433 120
-15 450 24 4 -1.183883 121
-5 450 24 4 -1.071531 120.9259
5 450 24 4 -0.5952044 120
15 450 24 4 1.654231 120
-15 550 24 4 -1.03095 121
-5 550 24 4 -0.7975579 120.7049
5 550 24 4 -0.06460934 120
15 550 24 4 1.16364 120
-15 650 24 4 -1.982371 121
-5 650 24 4 -0.6702471 120.7037
5 650 24 4 0.4479297 120
15 650 24 4 1.226669 120
-15 750 24 4 -2.098089 121
-5 750 24 4 -0.5426256 120.7059
5 750 24 4 0.7986405 120
15 750 24 4 1.482583 120
-15 850 24 4 -2.538912 121
-5 850 24 4 -0.3812907 120.7073
5 850 24 4 1.02729 120
15 850 24 4 2.015237 120
-15 950 24 4 -2.694892 121
-5 950 24 4 -0.2672913 120.3785
5 950 24 4 1.278571 120
15 950 24 4 3.834071 120
-45 350 21 5 -1.777007 220.5319
-35 350 21 5 -1.376532 220
-15 350 21 5 -0.8380782 220
-45 450 21 5 -1.894457 220.75
-35 450 21 5 -1.656421 220
-15 450 21 5 -0.9278223 220
-45 550 21 5 -1.995334 220.7818
-35 550 21 5 -2.098078 220
-15 550 21 5 -1.078802 220
-45 650 21 5 -2.27331 220.9035
-35 650 21 5 -2.405175 220
-25 650 21 5 -1.094767 220
-15 650 21 5 -1.122575 220
-45 750 21 5 -2.610794 221
-35 750 21 5 -2.767674 220
-25 750 21 5 -1.155464 220
-15 750 21 5 -1.142686 220
-45 850 21 5 -2.890312 221
-35 850 21 5 -3.03586 220
-25 850 21 5 -1.449163 220
-15 850 21 5 -1.183204 220
-45 950 21 5 -2.94728 221
-35 950 21 5 -3.141611 220
-25 950 21 5 -2.35536 220
-15 950 21 5 -1.292158 220
-55 350 22 5 -3.295022 36
-45 350 22 5 -2.805655 35.86585
-35 350 22 5 -2.768852 35
-25 350 22 5 -2.309755 35
-15 350 22 5 -0.9865085 35
-55 450 22 5 -3.476754 36
-45 450 22 5 -2.872977 36
-35 450 22 5 -2.947392 35
-25 450 22 5 -2.495854 35
-15 450 22 5 -1.032591 35
-55 550 22 5 -3.65195 36
-45 550 22 5 -2.943506 36
-35 550 22 5 -3.083248 35
-25 550 22 5 -2.030826 35
-15 550 22 5 -1.064341 35
-55 650 22 5 -4.318058 36
-45 650 22 5 -3.034962 36
-35 650 22 5 -3.024653 35
-25 650 22 5 -1.361955 35
-15 650 22 5 -0.9616744 35
-55 750 22 5 -4.581665 36
-45 750 22 5 -3.258652 36
-35 750 22 5 -2.934647 35
-25 750 22 5 -1.240395 35
-15 750 22 5 -0.9739474 35
-55 850 22 5 -4.719254 36
-45 850 22 5 -3.223413 36
-35 850 22 5 -2.989392 35
-25 850 22 5 -1.377007 35
-15 850 22 5 -1.070999 35
-55 950 22 5 -4.803837 36
-45 950 22 5 -3.964786 36
-35 950 22 5 -3.824946 35
-25 950 22 5 -1.685566 35
-55 350 23 5 -2.089798 281
-45 350 23 5 -2.266804 280.8322
-35 350 23 5 -2.26096 280
-25 350 23 5 -2.13563 280
-15 350 23 5 -2.166975 280
-55 450 23 5 -2.233954 281
-45 450 23 5 -2.306777 280.8584
-35 450 23 5 -2.294528 280
-25 450 23 5 -2.2458 280
-15 450 23 5 -2.310593 280
-55 550 23 5 -2.305332 281
-45 550 23 5 -2.435704 280.9023
-35 550 23 5 -2.308659 280
-25 550 23 5 -2.230624 280
-15 550 23 5 -2.332591 280
-55 650 23 5 -2.420585 281
-45 650 23 5 -2.532382 280.8916
-35 650 23 5 -2.474657 280
-25 650 23 5 -2.228493 280
-15 650 23 5 -2.387133 280
-55 750 23 5 -2.635495 281
-45 750 23 5 -2.659758 281
-35 750 23 5 -2.809508 280
-25 750 23 5 -2.542738 280
-15 750 23 5 -2.66959 280
-55 850 23 5 -2.921416 281
-45 850 23 5 -2.90262 281
-35 850 23 5 -3.033983 280
-25 850 23 5 -2.85729 280
-15 850 23 5 -2.955522 280
-55 950 23 5 -3.578769 281
-45 950 23 5 -3.303033 281
-35 950 23 5 -3.168171 280
-25 950 23 5 -3.371239 280
-15 950 23 5 -3.182244 280
-45 350 24 5 -2.797553 123
-35 350 24 5 -2.286481 122.4231
-25 350 24 5 -1.990397 122
-15 350 24 5 -1.83241 122
-45 450 24 5 -2.764584 123
-35 450 24 5 -2.638946 122.6667
-25 450 24 5 -2.315293 122
-15 450 24 5 -1.926697 122
-45 550 24 5 -2.88055 123
-35 550 24 5 -2.832955 122.4615
-25 550 24 5 -2.522678 122
-15 550 24 5 -2.156797 122
-45 650 24 5 -3.001008 123
-35 650 24 5 -2.960593 122.3636
-25 650 24 5 -2.970113 122
-15 650 24 5 -2.65542 122
-45 750 24 5 -3.126292 123
-35 750 24 5 -3.099695 122.3611
-25 750 24 5 -3.256929 122
-15 750 24 5 -3.012039 122
-45 850 24 5 -3.193889 123
-35 850 24 5 -3.622717 122.3714
-25 850 24 5 -3.5489 122
-15 850 24 5 -3.455044 122
-45 950 24 5 -3.605082 123
-35 950 24 5 -3.882626 122.5278
-25 950 24 5 -3.624874 122
-15 950 24 5 -3.465051 122
-65 350 21 6 -2.569115 225
-55 350 21 6 -2.037802 224.7868
-45 350 21 6 -1.914532 224
-65 450 21 6 -2.703589 225
-55 450 21 6 -2.428905 224.875
-45 450 21 6 -2.24852 224
-65 550 21 6 -2.792543 225
-55 550 21 6 -2.669636 224.8427
-45 550 21 6 -2.456905 224
-65 650 21 6 -2.822838 225
-55 650 21 6 -2.779247 224.8642
-45 650 21 6 -2.679726 224
-65 750 21 6 -2.8689 225
-55 750 21 6 -2.846553 224.8571
-45 750 21 6 -2.756359 224
-65 850 21 6 -2.91404 225
-55 850 21 6 -2.878958 224.8451
-45 850 21 6 -2.892163 224
-65 950 21 6 -2.942436 225
-55 950 21 6 -2.823191 224.9554
-45 950 21 6 -2.993932 224
-65 350 22 6 -3.595044 40.60504
-55 350 22 6 -3.404142 40.18254
-45 350 22 6 -3.452925 40
-65 450 22 6 -3.83121 40.63107
-55 450 22 6 -3.662783 40.52439
-45 450 22 6 -3.50752 40
-65 550 22 6 -4.122266 40.65476
-55 550 22 6 -3.817634 40.52857
-45 550 22 6 -3.412446 40
-65 650 22 6 -4.342113 40.67143
-55 650 22 6 -3.870673 40.59375
-45 650 22 6 -3.348584 40
-65 750 22 6 -4.557333 40.66129
-55 750 22 6 -4.06262 40.54
-65 850 22 6 -4.716149 40.65
-55 850 22 6 -4.459417 40.48649
-65 950 22 6 -4.935454 40.56604
-55 950 22 6 -4.674778 40.53623
-65 350 23 6 -2.513061 283.5024
-55 350 23 6 -2.250542 283.3908
-45 350 23 6 -2.193 283
-65 450 23 6 -2.796737 283.4872
-55 450 23 6 -2.621349 283.4609
-45 450 23 6 -2.277831 283
-65 550 23 6 -2.977617 283.4792
-55 550 23 6 -2.905425 283.6
-45 550 23 6 -2.400136 283
-65 650 23 6 -3.165804 283.425
-55 650 23 6 -3.086269 283.3158
-45 650 23 6 -2.616355 283
-65 750 23 6 -3.291374 283.4545
-55 750 23 6 -3.287605 283.3673
-45 750 23 6 -2.960113 283
-65 850 23 6 -3.40034 283.4865
-55 850 23 6 -3.512882 283.5747
-45 850 23 6 -3.200449 283
-65 950 23 6 -3.518898 283.4028
-55 950 23 6 -3.527705 283.3037
-45 950 23 6 -3.126856 283
-65 350 24 6 -3.152896 126
-55 350 24 6 -2.899246 125.4277
-45 350 24 6 -3.145697 125
-65 450 24 6 -3.423535 126
-55 450 24 6 -3.101302 125.4375
-45 450 24 6 -3.386188 125
-65 550 24 6 -3.566139 126
-55 550 24 6 -3.208356 125.5054
-45 550 24 6 -3.476712 125
-65 650 24 6 -3.653697 126
-55 650 24 6 -3.273231 125.6
-45 650 24 6 -3.615983 125
-65 750 24 6 -3.734568 126
-55 750 24 6 -3.382285 125.5921
-45 750 24 6 -3.748648 125
-65 850 24 6 -3.828042 126
-55 850 24 6 -3.638183 125.5714
-45 850 24 6 -3.869534 125
-65 950 24 6 -3.942795 126
-55 950 24 6 -3.891785 125.5111
-45 950 24 6 -4.012986 125
-55 350 21 7 -2.33785 227
-45 350 21 7 -2.325501 227
-35 350 21 7 -1.475417 227
-25 350 21 7 -1.295742 227
-15 350 21 7 -1.652794 227
-5 350 21 7 -1.630167 227
-55 450 21 7 -2.534462 227
-45 450 21 7 -2.606839 227
-35 450 21 7 -1.571428 227
-25 450 21 7 -1.169744 227
-15 450 21 7 -1.22504 227
-5 450 21 7 -1.130535 227
-55 550 21 7 -2.715178 227
-45 550 21 7 -2.783375 227
-35 550 21 7 -1.831317 227
-25 550 21 7 -1.30008 227
-15 550 21 7 -1.092278 227
-5 550 21 7 -1.03371 227
-55 650 21 7 -2.801081 227
-45 650 21 7 -2.816992 227
-35 650 21 7 -2.10275 227
-25 650 21 7 -1.521681 227
-15 650 21 7 -0.9737906 227
-5 650 21 7 -1.201182 227
-55 750 21 7 -2.872945 227
-45 750 21 7 -2.886612 227
-35 750 21 7 -2.550029 227
-25 750 21 7 -1.503095 227
-15 750 21 7 -0.9495547 227
-55 850 21 7 -2.949371 227
-45 850 21 7 -2.907084 227
-35 850 21 7 -2.968378 227
-25 850 21 7 -2.014841 227
-15 850 21 7 -0.8674335 227
-55 950 21 7 -2.946491 227
-45 950 21 7 -2.882725 227
-35 950 21 7 -3.415537 227
-25 950 21 7 -1.720406 227
-15 950 21 7 -0.5656395 227
-55 350 22 7 -3.099411 43
-45 350 22 7 -2.890482 43
-35 350 22 7 -3.399313 43
-25 350 22 7 -3.79314 43
-15 350 22 7 -3.502596 43
-5 350 22 7 -0.2042133 43
-55 450 22 7 -3.525906 43
-45 450 22 7 -2.92193 43
-35 450 22 7 -2.897839 43
-25 450 22 7 -5.31939 43
-15 450 22 7 -6.237557 43
-5 450 22 7 -2.267768 43
-55 550 22 7 -3.771008 43
-45 550 22 7 -3.057217 43
-35 550 22 7 -2.873235 43
-25 550 22 7 -4.950241 43
-15 550 22 7 -6.658551 43
-5 550 22 7 -1.113616 43
-55 650 22 7 -3.940663 43
-45 650 22 7 -3.393867 43
-35 650 22 7 -2.899438 43
-25 650 22 7 -3.785541 43
-15 650 22 7 -3.804582 43
-5 650 22 7 0.686814 43
-55 750 22 7 -4.340108 43
-45 750 22 7 -3.600386 43
-35 750 22 7 -3.042564 43
-25 750 22 7 -3.452302 43
-15 750 22 7 -3.146907 43
-5 750 22 7 1.200415 43
-55 850 22 7 -4.405852 43
-45 850 22 7 -3.715807 43
-35 850 22 7 -3.0725 43
-15 850 22 7 -3.226123 43
-5 850 22 7 -1.133761 43
-55 950 22 7 -4.118155 43
-45 950 22 7 -4.131247 43
-35 950 22 7 -3.091061 43
-15 950 22 7 -3.204235 43
-5 950 22 7 -3.020334 43
-65 350 23 7 -2.912323 286
-55 350 23 7 -2.667733 286
-65 450 23 7 -3.067034 286
-55 450 23 7 -2.924133 286
-65 550 23 7 -3.182227 286
-55 550 23 7 -3.104118 286
-65 650 23 7 -3.288261 286
-55 650 23 7 -3.22976 286
-65 750 23 7 -3.394534 286
-55 750 23 7 -3.362808 286
-65 850 23 7 -3.493059 286
-55 850 23 7 -3.557807 286
-65 950 23 7 -3.505548 286
-55 950 23 7 -3.59147 286
-65 350 24 7 -3.299592 128
-55 350 24 7 -2.890237 128
-65 450 24 7 -3.637665 128
-55 450 24 7 -3.301641 128
-65 550 24 7 -3.707745 128
-55 550 24 7 -3.45397 128
-65 650 24 7 -3.717429 128
-55 650 24 7 -3.609389 128
-65 750 24 7 -3.888575 128
-55 750 24 7 -3.690819 128
-65 850 24 7 -4.032246 128
-55 850 24 7 -3.673227 128
-65 950 24 7 -4.092573 128
-55 950 24 7 -3.632611 128
-5 350 21 8 -1.913393 229
5 350 21 8 -3.23777 229
15 350 21 8 -3.424249 229
25 350 21 8 -2.860219 229
35 350 21 8 -2.922641 229
-5 450 21 8 -1.609296 229
5 450 21 8 -3.01399 229
15 450 21 8 -3.635422 229
25 450 21 8 -2.638629 229
35 450 21 8 -2.997564 229
-5 550 21 8 -1.662742 229
5 550 21 8 -3.247873 229
15 550 21 8 -3.259743 229
25 550 21 8 -2.646852 229
35 550 21 8 -3.358242 229
-5 650 21 8 -1.51443 229
5 650 21 8 -2.939756 229
15 650 21 8 -3.75536 229
25 650 21 8 -3.077166 229
35 650 21 8 -4.307223 229
-5 750 21 8 0.7245466 229
5 750 21 8 -2.318971 229
15 750 21 8 -3.95818 229
25 750 21 8 -3.65631 229
35 750 21 8 -4.407556 229
-5 850 21 8 0.5902812 229
5 850 21 8 -0.8273829 229
15 850 21 8 -3.352437 229
25 850 21 8 -3.682605 229
35 850 21 8 -4.722301 229
-5 950 21 8 -0.7865203 229
5 950 21 8 -0.03095239 229
15 950 21 8 -2.986865 229
25 950 21 8 -4.869301 229
35 950 21 8 -5.310702 229
-5 350 22 8 -1.858709 45
5 350 22 8 0.1514128 45
15 350 22 8 0.2991382 45
25 350 22 8 0.5081214 45
35 350 22 8 0.6532144 45
-5 450 22 8 0.757812 45
5 450 22 8 1.085562 45
15 450 22 8 0.8032431 45
25 450 22 8 0.8196342 45
35 450 22 8 0.8478862 45
-5 550 22 8 1.386637 45
5 550 22 8 1.722344 45
15 550 22 8 1.04414 45
25 550 22 8 1.09369 45
35 550 22 8 1.078547 45
-5 650 22 8 2.07462 45
5 650 22 8 2.964775 45
15 650 22 8 0.7707444 45
25 650 22 8 1.222211 45
35 650 22 8 1.784852 45
-5 750 22 8 2.673797 45
5 750 22 8 4.046302 45
15 750 22 8 0.4182138 45
25 750 22 8 1.504674 45
35 750 22 8 2.910738 45
-5 850 22 8 1.743576 45
5 850 22 8 4.401376 45
15 850 22 8 2.131597 45
25 850 22 8 2.419897 45
35 850 22 8 3.507433 45
-5 950 22 8 -0.970367 45
5 950 22 8 3.827745 45
15 950 22 8 2.719988 45
25 950 22 8 2.794389 45
35 950 22 8 3.668377 45
-55 350 23 8 -2.660712 289
-45 350 23 8 -2.369877 289
-35 350 23 8 -2.366151 289
-25 350 23 8 -2.365897 289
-15 350 23 8 -2.243375 289
-5 350 23 8 -2.767089 289
-55 450 23 8 -3.106965 289
-45 450 23 8 -2.378671 289
-35 450 23 8 -2.306267 289
-25 450 23 8 -2.268118 289
-15 450 23 8 -2.201999 289
-5 450 23 8 -1.103925 289
-45 550 23 8 -2.35983 289
-35 550 23 8 -2.325839 289
-25 550 23 8 -2.362278 289
-15 550 23 8 -1.657938 289
-5 550 23 8 1.05812 289
-45 650 23 8 -2.487072 289
-35 650 23 8 -2.407764 289
-25 650 23 8 -2.386571 289
-15 650 23 8 -0.5431039 289
-5 650 23 8 0.4071805 289
-45 750 23 8 -2.639959 289
-35 750 23 8 -2.544172 289
-25 750 23 8 -1.91599 289
-15 750 23 8 -0.1993848 289
-5 750 23 8 -0.1739103 289
-45 850 23 8 -3.078506 289
-35 850 23 8 -2.827348 289
-25 850 23 8 -2.49715 289
-15 850 23 8 -2.484275 289
-5 850 23 8 -1.096781 289
-45 950 23 8 -3.702153 289
-35 950 23 8 -3.497501 289
-25 950 23 8 -2.928949 289
-15 950 23 8 -2.789799 289
-5 950 23 8 -1.893955 289
-55 350 24 8 -3.162969 131
-45 350 24 8 -3.063144 131
-35 350 24 8 -2.050474 131
-25 350 24 8 -1.311201 131
-15 350 24 8 -1.111919 131
-5 350 24 8 -1.187765 131
-55 450 24 8 -3.38392 131
-45 450 24 8 -3.242951 131
-35 450 24 8 -2.464536 131
-25 450 24 8 -2.037193 131
-15 450 24 8 -1.471079 131
-5 450 24 8 -1.734721 131
-55 550 24 8 -3.467992 131
-45 550 24 8 -3.321614 131
-35 550 24 8 -3.079749 131
-25 550 24 8 -2.157951 131
-15 550 24 8 -2.085272 131
-5 550 24 8 -2.006312 131
-55 650 24 8 -3.564381 131
-45 650 24 8 -3.344756 131
-35 650 24 8 -3.730196 131
-25 650 24 8 -2.564613 131
-15 650 24 8 -2.502168 131
-5 650 24 8 -2.133307 131
-55 750 24 8 -3.615694 131
-45 750 24 8 -3.410327 131
-35 750 24 8 -3.853427 131
-25 750 24 8 -3.070608 131
-15 750 24 8 -2.775392 131
-5 750 24 8 -2.157987 131
-55 850 24 8 -3.720695 131
-45 850 24 8 -3.56373 131
-35 850 24 8 -3.51234 131
-25 850 24 8 -3.398177 131
-15 850 24 8 -3.232624 131
-55 950 24 8 -3.834264 131
-45 950 24 8 -3.593335 131
-35 950 24 8 -3.362165 131
-25 950 24 8 -3.461366 131
-15 950 24 8 -3.307872 131
45 350 21 9 -2.729135 232
55 350 21 9 -4.899223 232
65 350 21 9 -5.377096 232
75 350 21 9 -5.87987 232
35 450 21 9 -2.769358 232
45 450 21 9 -3.120501 232
55 450 21 9 -5.390681 232
65 450 21 9 -7.298519 232
75 450 21 9 -6.480236 232
35 550 21 9 -3.034898 232
45 550 21 9 -4.584188 232
65 550 21 9 -7.747639 232
75 550 21 9 -6.964774 232
35 650 21 9 -4.964984 232
45 650 21 9 -5.896621 232
65 650 21 9 -8.922738 232
75 650 21 9 -7.780882 232
45 750 21 9 -6.391348 232
65 750 21 9 -9.671753 232
75 750 21 9 -8.774351 232
45 850 21 9 -7.387272 232
65 850 21 9 -10.204 232
75 850 21 9 -10.13821 232
45 950 21 9 -5.586188 232
75 950 21 9 -11.48412 232
35 350 22 9 1.110126 48
45 350 22 9 1.114275 48
55 350 22 9 2.203594 48
65 350 22 9 3.315858 48
75 350 22 9 2.56381 48
35 450 22 9 1.073599 48
45 450 22 9 1.290889 48
55 450 22 9 2.259975 48
65 450 22 9 3.776835 48
75 450 22 9 3.420014 48
35 550 22 9 1.103213 48
45 550 22 9 1.275447 48
55 550 22 9 2.727003 48
65 550 22 9 4.291336 48
75 550 22 9 3.810003 48
35 650 22 9 1.554067 48
45 650 22 9 1.536656 48
55 650 22 9 3.185472 48
65 650 22 9 4.782589 48
75 650 22 9 4.125871 48
35 750 22 9 2.645459 48
45 750 22 9 2.215509 48
55 750 22 9 3.564345 48
65 750 22 9 4.96296 48
75 750 22 9 4.372883 48
35 850 22 9 3.960157 48
45 850 22 9 2.974969 48
55 850 22 9 3.962851 48
65 850 22 9 5.044857 48
75 850 22 9 5.180776 48
35 950 22 9 4.053027 48
45 950 22 9 3.77926 48
55 950 22 9 4.023518 48
65 950 22 9 5.306049 48
75 950 22 9 4.86218 48
-5 350 23 9 -2.672264 291
5 350 23 9 -2.809716 291
15 350 23 9 -3.33472 291
-5 450 23 9 -2.566812 291
5 450 23 9 -2.937267 291
15 450 23 9 -3.342716 291
-5 550 23 9 -0.5679388 291
5 550 23 9 -2.998242 291
15 550 23 9 -3.401876 291
-5 650 23 9 1.705652 291
5 650 23 9 -2.504871 291
15 650 23 9 -3.240258 291
-5 750 23 9 0.6717288 291
5 750 23 9 -3.251022 291
15 750 23 9 -3.37691 291
-5 850 23 9 -1.615018 291
5 850 23 9 -3.757394 291
15 850 23 9 -3.324575 291
-5 950 23 9 -1.979613 291
5 950 23 9 -3.947607 291
15 950 23 9 -3.255089 291
-5 350 24 9 -0.4036647 133
5 350 24 9 -0.1607604 133
15 350 24 9 0.925509 133
25 350 24 9 1.512962 133
35 350 24 9 2.076329 133
-5 450 24 9 -1.302892 133
5 450 24 9 -0.3474292 133
15 450 24 9 1.615191 133
25 450 24 9 1.75083 133
35 450 24 9 2.239554 133
-5 550 24 9 -1.803969 133
5 550 24 9 -0.4245488 133
15 550 24 9 1.514215 133
25 550 24 9 1.945298 133
35 550 24 9 2.844374 133
-5 650 24 9 -1.972527 133
5 650 24 9 -0.7511989 133
15 650 24 9 1.337864 133
25 650 24 9 2.36753 133
35 650 24 9 4.133313 133
-5 750 24 9 -2.258148 133
5 750 24 9 -0.205417 133
15 750 24 9 2.409213 133
25 750 24 9 3.054822 133
35 750 24 9 4.694849 133
-5 850 24 9 -2.301037 133
5 850 24 9 0.3337984 133
15 850 24 9 2.819701 133
25 850 24 9 3.909501 133
-5 950 24 9 -2.395621 133
5 950 24 9 2.101775 133
15 950 24 9 4.221764 133
25 950 24 9 4.731033 133
65 350 22 10 0.9782972 49
75 350 22 10 2.204749 49
65 450 22 10 2.708531 49
75 450 22 10 3.381096 49
65 550 22 10 3.516221 49
75 550 22 10 4.150992 49
65 650 22 10 4.429507 49
75 650 22 10 5.035386 49
65 750 22 10 5.8222 49
75 750 22 10 5.784166 49
65 850 22 10 7.404137 49
75 850 22 10 6.127916 49
65 950 22 10 7.43017 49
75 950 22 10 8.045838 49
15 350 23 10 -3.180215 292
25 350 23 10 -3.171152 292
35 350 23 10 -2.955153 292
5 450 23 10 -3.458164 292
15 450 23 10 -3.26731 292
25 450 23 10 -3.066634 292
35 450 23 10 -2.898975 292
5 550 23 10 -3.559597 292
15 550 23 10 -3.319817 292
25 550 23 10 -2.826205 292
35 550 23 10 -2.83191 292
5 650 23 10 -3.480793 292
15 650 23 10 -3.194912 292
25 650 23 10 -2.758031 292
35 650 23 10 -2.813898 292
5 750 23 10 -3.523674 292
15 750 23 10 -3.341679 292
25 750 23 10 -2.744343 292
35 750 23 10 -2.873074 292
5 850 23 10 -4.278205 292
15 850 23 10 -3.538192 292
25 850 23 10 -3.083227 292
35 850 23 10 -3.009883 292
5 950 23 10 -3.92397 292
15 950 23 10 -3.222544 292
25 950 23 10 -3.142457 292
35 950 23 10 -3.038823 292
45 350 24 10 3.579622 136
55 350 24 10 3.794391 136
65 350 24 10 4.003044 136
35 450 24 10 3.796199 136
45 450 24 10 3.754645 136
55 450 24 10 3.998275 136
65 450 24 10 4.625061 136
35 550 24 10 3.829368 136
45 550 24 10 4.115672 136
55 550 24 10 4.330574 136
65 550 24 10 4.617138 136
35 650 24 10 3.826266 136
45 650 24 10 4.197065 136
55 650 24 10 4.462201 136
65 650 24 10 4.603562 136
35 750 24 10 3.840711 136
45 750 24 10 3.847701 136
55 750 24 10 4.421903 136
65 750 24 10 4.603972 136
35 850 24 10 3.950409 136
45 850 24 10 3.325596 136
55 850 24 10 4.462518 136
65 850 24 10 4.633778 136
45 950 24 10 3.106133 136
55 950 24 10 4.422213 136
65 950 24 10 4.640377 136
35 350 22 11 0.763522 51
45 350 22 11 2.267947 51
55 350 22 11 2.985319 51
65 350 22 11 3.143955 51
35 450 22 11 1.877965 51
45 450 22 11 2.976164 51
55 450 22 11 3.611388 51
65 450 22 11 3.454742 51
35 550 22 11 3.009319 51
45 550 22 11 3.63997 51
55 550 22 11 3.939827 51
65 550 22 11 3.862847 51
35 650 22 11 3.757061 51
45 650 22 11 4.026139 51
55 650 22 11 4.142484 51
65 650 22 11 3.742831 51
35 750 22 11 3.548019 51
45 750 22 11 4.520032 51
55 750 22 11 4.425561 51
65 750 22 11 4.455519 51
35 850 22 11 3.589284 51
45 850 22 11 4.977005 51
55 850 22 11 4.758233 51
65 850 22 11 7.161928 51
45 950 22 11 5.267349 51
55 950 22 11 5.30237 51
45 350 23 11 -2.773007 295
55 350 23 11 -2.583531 295
65 350 23 11 -2.542588 295
35 450 23 11 -2.930236 295
45 450 23 11 -2.81024 295
55 450 23 11 -2.590918 295
65 450 23 11 -2.6698 295
35 550 23 11 -2.897449 295
45 550 23 11 -2.697444 295
55 550 23 11 -2.401956 295
65 550 23 11 -2.313926 295
35 650 23 11 -2.827981 295
45 650 23 11 -2.619617 295
55 650 23 11 -2.320479 295
65 650 23 11 -2.435978 295
35 750 23 11 -2.90403 295
45 750 23 11 -2.458697 295
55 750 23 11 -2.498484 295
65 750 23 11 -2.292433 295
35 850 23 11 -2.991902 295
45 850 23 11 -2.331601 295
55 850 23 11 -2.697855 295
65 850 23 11 -2.143626 295
35 950 23 11 -3.021422 295
45 950 23 11 -2.532948 295
55 950 23 11 -3.167309 295
65 950 23 11 -2.063267 295
45 350 24 11 3.96354 137
65 350 24 11 4.363466 137
45 450 24 11 4.187797 137
65 450 24 11 4.829799 137
45 550 24 11 4.514169 137
65 550 24 11 4.861013 137
45 650 24 11 4.849848 137
65 650 24 11 4.884193 137
45 750 24 11 5.192691 137
65 750 24 11 5.244959 137
45 850 24 11 4.205651 137
65 850 24 11 5.319491 137
45 950 24 11 3.965798 137
65 950 24 11 5.319499 137
45 350 23 12 -2.629545 297
55 350 23 12 -2.63373 297
65 350 23 12 -2.818703 297
75 350 23 12 -2.97018 297
45 450 23 12 -2.526481 297
55 450 23 12 -2.429992 297
65 450 23 12 -2.86971 297
75 450 23 12 -2.964332 297
45 550 23 12 -2.282273 297
55 550 23 12 -1.783321 297
65 550 23 12 -3.037873 297
75 550 23 12 -3.122776 297
45 650 23 12 -1.675939 297
55 650 23 12 0.1735904 297
65 650 23 12 -3.20069 297
75 650 23 12 -3.249533 297
45 750 23 12 -1.123527 297
55 750 23 12 3.415723 297
65 750 23 12 -2.922493 297
75 750 23 12 -3.003314 297
55 850 23 12 5.4067 297
65 850 23 12 -2.277789 297
75 850 23 12 -2.097676 297
55 950 23 12 7.606773 297
65 950 23 12 -2.401735 297
75 950 23 12 -2.145058 297
45 350 24 12 3.774553 138
55 350 24 12 3.981508 138
65 350 24 12 4.42762 138.1633
75 350 24 12 4.136734 138
45 450 24 12 3.93719 138
65 450 24 12 5.138631 138.1897
75 450 24 12 4.818794 138
45 550 24 12 4.516937 138
65 550 24 12 5.391146 138.1719
75 550 24 12 5.108384 138
45 650 24 12 4.935025 138
65 650 24 12 5.764548 138.5147
75 650 24 12 5.387818 138
45 750 24 12 5.012555 138
65 750 24 12 5.847335 138.325
75 750 24 12 5.550448 138
65 850 24 12 5.933619 138.4444
75 850 24 12 5.791505 138
65 950 24 12 6.410887 138.1932
75 950 24 12 6.332915 138
35 350 23 13 -2.598145 299.5392
45 350 23 13 -2.657298 299
55 350 23 13 -2.61152 299
65 350 23 13 -2.848666 299
35 450 23 13 -2.521926 299.1087
45 450 23 13 -2.607829 299
55 450 23 13 -2.714847 299
65 450 23 13 -2.720573 299
35 550 23 13 -2.492272 299
45 550 23 13 -2.612727 299
55 550 23 13 -2.782399 299
65 550 23 13 -2.621071 299
35 650 23 13 -2.515962 299
45 650 23 13 -2.697662 299
55 650 23 13 -2.751588 299
65 650 23 13 -2.456507 299
35 750 23 13 -2.595396 299
45 750 23 13 -2.752366 299
55 750 23 13 -2.776329 299
65 750 23 13 -2.259346 299
35 850 23 13 -2.664966 299
45 850 23 13 -2.836184 299
55 850 23 13 -2.623326 299
65 850 23 13 -2.191108 299
35 950 23 13 -2.44748 299
45 950 23 13 -2.875451 299
55 950 23 13 -2.647117 299
35 350 24 13 3.738555 140
45 350 24 13 2.864765 140
55 350 24 13 4.225013 140
65 350 24 13 4.672809 140
35 450 24 13 4.635494 140
45 450 24 13 3.424144 140
55 450 24 13 4.976709 140
65 450 24 13 5.513104 140
35 550 24 13 4.66942 140
45 550 24 13 3.904888 140
55 550 24 13 5.678008 140
65 550 24 13 6.027101 140
35 650 24 13 4.784313 140
45 650 24 13 4.696622 140
55 650 24 13 6.270471 140
65 650 24 13 6.027955 140
35 750 24 13 4.56677 140
45 750 24 13 5.967722 140
55 750 24 13 6.47888 140
65 750 24 13 5.904982 140
35 850 24 13 4.386495 140
45 850 24 13 6.619748 140
55 850 24 13 6.082049 140
35 950 24 13 4.123237 140
45 950 24 13 5.999844 140
55 950 24 13 5.744495 140
