-65 -55 -45 -35 -25 -15 -5 5 15 25 35 45 55 65 75
350 450 550 650 750 850 950
1.058552 1.146465 1.333826 1.512136 1.676986 1.783673 1.982154
1.090111 1.083516 1.122264 1.315953 1.525535 1.648355 1.600344
1.106741 1.023011 0.9655443 0.9065062 0.8483774 0.6692673 1.118371
1.727851 1.248536 1.037887 1.019626 0.856496 0.7120706 0.2896547
2.117534 2.841063 2.126602 1.148687 1.213977 1.031095 0.6645086
1.231686 1.974265 1.977723 0.9194515 1.014307 0.5700783 0.6510989
1.741939 0.8439747 1.680374 2.923414 2.465682 0.994362 0.7980745
2.8805 3.141742 3.570057 3.856316 4.347179 4.56424 4.749146
4.439028 5.054884 4.998116 5.00367 5.746378 6.591808 7.803251
5.213228 5.81838 5.97115 6.454176 7.206229 8.408935 10.14479
6.322744 6.992766 7.571045 8.619991 9.267892 9.596608 9.650468
7.140833 7.741144 8.439498 9.113692 9.809904 10.9446 10.62774
8.161236 8.823635 8.751638 8.884914 8.613426 8.853423 9.099308
9.756116 11.38266 12.5534 13.5477 13.52648 15.53081 10.61288
10.00369 11.53468 12.55213 13.94175 14.9265 15.88084 16.93801
