-65 -55 -45 -35 -25 -15 -5 5 15 25 35 45 55 65 75
350 450 550 650 750 850 950
1.202857 1.407441 1.677512 1.822219 1.922247 2.004764 2.278451
0.842278 0.9751806 1.280702 1.449614 1.600393 1.650891 1.420231
0.8511627 0.6625465 0.6951242 0.8029638 0.7710855 1.161531 1.134096
1.695158 0.9109117 0.6367805 1.226163 1.149613 0.6971487 0.6595051
1.554914 2.210307 1.098064 0.3958232 0.7600012 0.8954251 0.7367066
1.340941 1.708076 1.003651 0.2452687 0.314489 0.6088298 0.8596424
2.428863 1.773889 2.187233 2.766212 1.840298 1.465773 1.556825
3.608549 3.467986 3.819519 4.243156 5.100427 4.89363 4.596515
4.503692 5.210349 5.650149 5.785227 6.757266 7.574971 8.499065
6.073212 6.133171 6.413277 6.79844 7.401188 8.250263 10.14468
6.316479 6.77517 7.265162 7.689087 8.213867 8.505792 9.063684
6.699652 7.354674 8.103239 8.613619 9.102335 9.987421 9.975626
7.879227 8.501177 8.443057 8.37885 8.206681 7.782296 8.619804
8.398423 9.948752 11.11494 12.24859 11.82385 12.99923 9.982716
8.869233 11.17391 12.21478 13.54948 14.42531 15.28436 15.96087
