-65 -55 -45 -35 -25 -15 -5 5 15 25 35 45 55 65 75
350 450 550 650 750 850 950
-2.986128 -3.089541 -3.177094 -3.26254 -3.330793 -3.377967 -3.449417
-2.762576 -2.883778 -2.962726 -3.048497 -3.123518 -3.232982 -3.300869
-2.604344 -2.60598 -2.648929 -2.718855 -2.829605 -2.958954 -3.125947
-2.259585 -2.389008 -2.461652 -2.510273 -2.576772 -2.673235 -2.789195
-2.114774 -2.313134 -2.374949 -2.396241 -2.425875 -2.462728 -2.587231
-1.829616 -1.992521 -2.046207 -2.036062 -2.108137 -2.196148 -2.343457
-1.627888 -1.50764 -1.362881 -1.057673 -1.034545 -1.371088 -1.712243
-1.214914 -1.119988 -0.9812646 -0.8805692 -0.7192598 -0.6278958 -0.6014161
-0.7712731 -0.7130671 -0.6282646 -0.4591357 -0.1729488 0.1314821 0.5009267
-0.1420058 -0.05181502 0.09768245 0.2741827 0.4570904 0.7624033 0.8793473
0.3743424 0.6544261 0.7966776 0.8841364 1.164175 1.224174 1.234317
0.5193266 0.7628914 0.9001303 1.057653 1.31919 1.579197 1.870254
0.4601415 0.972829 1.439847 1.657205 1.877339 2.168167 2.355797
0.4918098 0.9423239 1.051266 1.187302 1.497949 1.440286 3.570852
-0.1261143 0.448017 0.6022578 0.7318695 0.7832517 0.8931513 1.465521
