-65 -55 -45 -35 -25 -15 -5 5 15 25 35 45 55 65 75
350 450 550 650 750 850 950
-2.834347 -3.083478 -3.228139 -3.345454 -3.435343 -3.487034 -3.610761
-2.653915 -2.743275 -2.834019 -3.006395 -3.127919 -3.265182 -3.410574
-2.506261 -2.494629 -2.535207 -2.581509 -2.676146 -2.802399 -2.886047
-2.312802 -2.39556 -2.434361 -2.331107 -2.262597 -2.402036 -2.578034
-2.031508 -2.275984 -2.403411 -2.396795 -2.424534 -2.495806 -2.731338
-1.763729 -2.002692 -2.017009 -2.109698 -2.144079 -2.224222 -2.357913
-1.600522 -1.515399 -1.198662 -0.7072721 -0.7064178 -1.294282 -1.61355
-1.031743 -1.027754 -0.9297697 -0.7442569 -0.4680901 -0.304954 -0.3800053
-0.6845989 -0.6604481 -0.6090519 -0.4557401 -0.02221459 0.6130871 1.219906
-0.2495235 -0.06678867 0.1751737 0.3964167 0.6907158 1.332143 1.8705
0.09161472 0.5694457 0.8443299 1.14087 1.551844 1.59244 1.552103
0.4808321 0.8235144 1.059999 1.389303 1.79319 2.228472 2.583396
0.5539014 1.207475 2.028389 2.526184 2.95184 3.337812 3.547199
0.7725651 1.488255 1.779606 1.906847 2.269396 2.176117 4.107334
0.2894199 1.056812 1.220487 1.268843 1.368389 1.440197 1.659399
