-65 -55 -45 -35 -25 -15 -5 5 15 25 35 45 55 65 75
350 450 550 650 750 850 950
0.9262751 0.946033 1.153289 1.356228 1.48279 1.574797 2.112412
0.9973275 1.001801 1.080681 1.282076 1.336527 1.34681 1.327788
1.155845 1.050424 0.9342399 0.8451708 0.7394098 0.6232319 0.961223
1.742902 1.593815 1.249172 0.9343502 0.5494668 0.4650917 0.6137081
2.182547 2.510864 1.769112 1.469706 1.483057 1.063525 0.8332469
0.9899241 1.814118 1.905372 1.336563 1.034772 0.7909054 1.197876
1.859783 0.8529812 1.17898 3.203804 2.955869 0.985181 1.031079
2.446322 2.663363 3.696632 4.495174 5.038265 4.685291 4.272525
4.217606 4.769776 5.327958 5.740878 6.427547 6.888688 8.003957
5.623586 6.000766 6.186856 6.707536 7.288845 8.361155 10.14266
6.557413 7.194011 7.594552 8.429993 8.880594 8.814941 8.227474
7.453019 7.859419 8.313926 8.819922 9.290456 9.977893 9.409452
8.159313 8.697124 8.353635 8.272834 7.984166 7.843755 7.74649
9.455884 10.7922 11.92228 13.0067 12.50049 14.49761 11.8794
9.575239 10.74126 11.6777 12.82902 13.4113 13.79716 14.9209
