-65 -55 -45 -35 -25 -15 -5 5 15 25 35 45 55 65 75
350 450 550 650 750 850 950
-3.225922 -3.509689 -3.650389 -3.718543 -3.76279 -3.783394 -3.86323
-2.911174 -3.168164 -3.281362 -3.428061 -3.484341 -3.182321 -3.154148
-2.753265 -2.832634 -2.922013 -3.082667 -3.050298 -3.118497 -3.205111
-2.279838 -2.522195 -2.632272 -2.682193 -2.561996 -2.597038 -2.448349
-2.090304 -2.225177 -2.286365 -2.270623 -2.402958 -2.667823 -3.221517
-1.901025 -1.966629 -2.007567 -1.944619 -2.227943 -2.683892 -2.926483
-1.595009 -1.234864 -0.8589699 -0.6508233 -0.8075221 -1.798815 -2.172298
-1.308124 -1.386175 -1.350841 -1.003786 -1.179056 -1.079646 -0.7308003
-1.027407 -1.042168 -1.038892 -0.8554228 -0.1739037 0.2015402 0.5945717
-0.653096 -0.544854 -0.243524 -0.05880649 0.4312826 0.7053298 1.045577
-0.1433716 0.2665597 0.6024317 0.7946493 1.14222 1.587329 1.805603
0.3120745 0.6081913 0.8330619 1.122833 1.551041 1.945093 1.735168
0.2833918 0.7116331 1.123838 1.579252 2.147848 2.364533 2.462754
0.2487047 0.6695349 0.7765943 0.7508211 1.44515 1.615084 3.126297
-0.500142 0.119103 0.2526724 0.2082687 0.5120393 0.9351082 0.6565163
