lat prs camp flt x yday
5 350 21 1 -0.1588592 210
15 350 21 1 0.01171267 210
25 350 21 1 0.0006086595 210
35 350 21 1 -0.1608943 210
5 450 21 1 -0.006865558 210
15 450 21 1 -0.12091 210
25 450 21 1 0.03876164 210
5 550 21 1 -0.05685914 210
15 550 21 1 -0.4531804 210
25 550 21 1 -0.2561039 210
5 650 21 1 -0.3137269 210
15 650 21 1 -0.5735114 210
25 650 21 1 -1.077364 210
5 750 21 1 -0.3142342 210
15 750 21 1 -0.7453846 210
5 850 21 1 -0.7990876 210
15 850 21 1 -0.777712 210
25 850 21 1 -0.2505139 210
5 950 21 1 -1.257394 210
15 950 21 1 -0.9277578 210
25 950 21 1 -0.7500205 210
5 350 22 1 -1.748719 25
15 350 22 1 -1.457484 25.64151
25 350 22 1 -0.7072571 25.73333
35 350 22 1 -0.2533754 25.14894
5 450 22 1 -1.527908 25
15 450 22 1 -1.530581 25.5
25 450 22 1 -0.9136201 26
35 450 22 1 1.292989 26
5 550 22 1 -1.523821 25
15 550 22 1 -1.364512 25.51852
25 550 22 1 0.06103065 26
35 550 22 1 3.55817 26
5 650 22 1 -1.167431 25
15 650 22 1 -0.8513075 25.5
25 650 22 1 1.637615 26
35 650 22 1 4.445002 26
5 750 22 1 -1.215103 25
15 750 22 1 0.5669501 25.71429
25 750 22 1 3.031187 26
35 750 22 1 5.024816 26
5 850 22 1 -0.9017051 25
15 850 22 1 2.733515 26
25 850 22 1 4.059494 26
35 850 22 1 5.820052 26
5 950 22 1 -0.882397 25
15 950 22 1 3.35511 26
25 950 22 1 5.176526 26
-5 350 23 1 -2.23219 270
5 350 23 1 -2.381368 270
15 350 23 1 -3.317573 270
25 350 23 1 -3.402691 270
35 350 23 1 -4.053408 270.2581
-5 450 23 1 -2.42297 270
5 450 23 1 -2.531795 270
15 450 23 1 -3.557516 270
25 450 23 1 -3.848509 270
35 450 23 1 -3.823456 270.4923
-5 550 23 1 -2.390928 270
5 550 23 1 -2.470549 270
15 550 23 1 -3.510174 270
25 550 23 1 -4.036165 270
35 550 23 1 -4.195491 270.4688
5 650 23 1 -2.349803 270
15 650 23 1 -3.153078 270
25 650 23 1 -4.092791 270
35 650 23 1 -4.193397 270.4324
5 750 23 1 -2.387072 270
15 750 23 1 -2.090712 270
25 750 23 1 -3.954377 270
35 750 23 1 -3.708743 270.6154
5 850 23 1 -1.834643 270
15 850 23 1 -2.793418 270
25 850 23 1 -4.978822 270
35 850 23 1 -3.279609 270.66
5 950 23 1 -1.620694 270
15 950 23 1 -4.562846 270
25 950 23 1 -5.706392 270
35 950 23 1 -2.821374 270.9
5 350 24 1 0.262825 113
15 350 24 1 0.9474214 113
25 350 24 1 0.8005033 113
35 350 24 1 1.683712 113
5 450 24 1 0.1918107 113
15 450 24 1 1.095288 113
25 450 24 1 1.316072 113
35 450 24 1 2.589638 113
5 550 24 1 0.09270723 113
15 550 24 1 1.151124 113
25 550 24 1 1.785879 113
35 550 24 1 3.310426 113.3462
5 650 24 1 0.6289693 113
15 650 24 1 1.715439 113
25 650 24 1 1.98247 113
35 650 24 1 3.571778 113.4667
5 750 24 1 0.1678873 113
15 750 24 1 2.42815 113
25 750 24 1 2.454393 113
5 850 24 1 -0.7737246 113
15 850 24 1 2.938024 113
25 850 24 1 1.698524 113
5 950 24 1 -0.6330063 113
15 950 24 1 3.862002 113
25 950 24 1 5.139958 113
35 350 21 2 -0.4033682 213
45 350 21 2 -0.7898918 213
65 350 21 2 -5.193158 213.1282
75 350 21 2 -6.093945 213
65 450 21 2 -6.558274 213.7614
75 450 21 2 -7.594087 213
65 550 21 2 -7.75769 213
75 550 21 2 -8.326394 213
65 650 21 2 -10.23656 213
75 650 21 2 -9.075516 213
75 750 21 2 -9.302233 213
75 850 21 2 -8.156627 213
75 950 21 2 -7.702277 213
35 350 22 2 -0.193859 28
45 350 22 2 1.138129 28
55 350 22 2 2.570577 28
65 350 22 2 2.933068 29
75 350 22 2 2.486414 29
35 450 22 2 0.151469 28
45 450 22 2 2.481718 28
55 450 22 2 3.807953 28
65 450 22 2 4.304215 29
75 450 22 2 4.369138 29
35 550 22 2 0.5070723 28
45 550 22 2 2.981584 28
55 550 22 2 4.753938 28
65 550 22 2 5.004182 29
75 550 22 2 4.832371 29
35 650 22 2 1.164229 28
45 650 22 2 3.712338 28
55 650 22 2 5.171041 28
65 650 22 2 5.097051 29
75 650 22 2 4.908179 29
35 750 22 2 2.260681 28
45 750 22 2 4.418344 28
55 750 22 2 5.406748 28
65 750 22 2 5.492521 29
75 750 22 2 5.304819 29
35 850 22 2 5.819489 28
45 850 22 2 4.880091 28
55 850 22 2 5.249864 28
65 850 22 2 5.724308 29
75 850 22 2 5.79766 29
35 950 22 2 12.02821 28
45 950 22 2 4.652394 28
55 950 22 2 5.367097 28
65 950 22 2 6.364437 29
75 950 22 2 5.909533 29
35 350 23 2 -3.421885 273
45 350 23 2 -3.142808 273
55 350 23 2 -4.650682 273
65 350 23 2 -4.509811 274
75 350 23 2 -3.930919 273.5581
35 450 23 2 -3.142566 273
45 450 23 2 -2.948444 273
55 450 23 2 -4.229689 273
65 450 23 2 -3.80324 274
75 450 23 2 -3.984691 273.5455
35 550 23 2 -2.836753 273
45 550 23 2 -2.773829 273
55 550 23 2 -4.05041 273
65 550 23 2 -3.165675 274
75 550 23 2 -3.569028 273.8421
35 650 23 2 -2.74255 273
45 650 23 2 -2.419924 273
55 650 23 2 -3.94765 273
65 650 23 2 -3.146366 274
75 650 23 2 -2.739853 274
35 750 23 2 -4.199994 273
45 750 23 2 -1.936721 273
55 750 23 2 -4.115487 273
65 750 23 2 -3.376905 274
75 750 23 2 -2.148382 274
35 850 23 2 -3.966963 273
45 850 23 2 -2.721932 273
55 850 23 2 -4.190572 273
75 850 23 2 -1.898672 274
35 950 23 2 -3.594326 273
45 950 23 2 -3.329874 273
55 950 23 2 -4.063618 273
75 950 23 2 -4.388636 274
35 350 24 2 4.236443 116
45 350 24 2 4.09869 116
55 350 24 2 5.539436 116
65 350 24 2 5.057002 117
75 350 24 2 5.539925 116.36
35 450 24 2 4.208649 116
45 450 24 2 4.408635 116
55 450 24 2 6.278286 116
65 450 24 2 7.465962 117
75 450 24 2 6.867553 116.4762
35 550 24 2 4.632358 116
45 550 24 2 4.420971 116
55 550 24 2 6.557947 116
65 550 24 2 7.208733 117
75 550 24 2 7.606357 116.5179
35 650 24 2 4.303297 116
45 650 24 2 4.867328 116
55 650 24 2 6.354764 116
65 650 24 2 7.005448 117
75 650 24 2 8.23252 116.4921
35 750 24 2 5.395405 116
45 750 24 2 5.86973 116
55 750 24 2 6.968738 116
65 750 24 2 7.153938 117
75 750 24 2 8.15792 116.5172
35 850 24 2 6.177435 116
45 850 24 2 6.579426 116
55 850 24 2 7.216964 116
65 850 24 2 7.33957 117
75 850 24 2 8.113544 116.4468
35 950 24 2 5.914501 116
45 950 24 2 6.571907 116
55 950 24 2 7.406178 116
65 950 24 2 7.388242 117
75 950 24 2 7.977559 116.6042
25 350 21 3 -0.943122 216
35 350 21 3 -1.223534 215.2836
45 350 21 3 -3.047401 215
55 350 21 3 -3.784444 215
65 350 21 3 -4.999239 215
25 450 21 3 -0.7643104 216
35 450 21 3 -1.019087 215.3061
45 450 21 3 -3.534622 215
55 450 21 3 -4.301368 215
65 450 21 3 -6.854293 215
25 550 21 3 -0.6327661 216
35 550 21 3 -0.9871618 215.4583
45 550 21 3 -3.024228 215
55 550 21 3 -4.541226 215
65 550 21 3 -8.899178 215
25 650 21 3 -0.6566986 216
35 650 21 3 -1.430433 215.2836
45 650 21 3 -2.389978 215
55 650 21 3 -3.898819 215
65 650 21 3 -7.35022 215
25 750 21 3 -0.6444233 216
35 750 21 3 -2.151539 215.5333
45 750 21 3 -2.484312 215
55 750 21 3 -3.660332 215
65 750 21 3 -5.594639 215
35 850 21 3 -3.445498 215.4884
45 850 21 3 -3.5189 215
55 850 21 3 -4.433699 215
65 850 21 3 -3.855467 215
35 950 21 3 -4.149178 215.4865
45 950 21 3 -5.072264 215
55 950 21 3 -4.694435 215
25 350 22 3 0.3547746 32
35 350 22 3 1.706537 32
45 350 22 3 2.119152 31
55 350 22 3 2.260296 31
65 350 22 3 2.603481 31
25 450 22 3 0.281237 32
35 450 22 3 2.70628 32
45 450 22 3 3.661301 31
55 450 22 3 3.027413 31
65 450 22 3 3.01431 31
25 550 22 3 1.67056 32
35 550 22 3 4.359872 32
45 550 22 3 4.446897 31
55 550 22 3 4.31239 31
65 550 22 3 4.864794 31
25 650 22 3 1.899199 32
35 650 22 3 4.842646 32
45 650 22 3 4.467515 31
55 650 22 3 5.135342 31
65 650 22 3 5.211846 31
15 750 22 3 1.856055 32
25 750 22 3 3.049578 32
35 750 22 3 5.300947 32
45 750 22 3 5.432651 31
55 750 22 3 5.797968 31
65 750 22 3 5.246119 31
15 850 22 3 3.534384 32
25 850 22 3 3.748694 32
35 850 22 3 5.502205 32
45 850 22 3 6.208006 31
55 850 22 3 6.778297 31
65 850 22 3 5.267405 31
15 950 22 3 3.731949 32
25 950 22 3 4.514556 32
35 950 22 3 5.453828 32
45 950 22 3 5.880806 31
55 950 22 3 7.882983 31
25 350 23 3 -2.926287 277
35 350 23 3 -2.906163 276
45 350 23 3 -2.853194 276
55 350 23 3 -2.421606 276
65 350 23 3 -3.771867 276
25 450 23 3 -3.385515 277
35 450 23 3 -3.530878 276
45 450 23 3 -2.754221 276
55 450 23 3 -2.795432 276
65 450 23 3 -4.130565 276
25 550 23 3 -3.494295 276.3438
35 550 23 3 -3.581249 276
45 550 23 3 -2.524948 276
55 550 23 3 -3.023056 276
25 650 23 3 -3.488418 276.45
35 650 23 3 -3.437576 276
45 650 23 3 -2.821866 276
55 650 23 3 -2.222212 276
25 750 23 3 -3.619887 276.4571
35 750 23 3 -3.294415 276
45 750 23 3 -2.794533 276
55 750 23 3 -1.456441 276
25 850 23 3 -3.643805 276.4138
35 850 23 3 -2.81259 276
45 850 23 3 -2.298888 276
55 850 23 3 -1.278674 276
25 950 23 3 -3.51644 276
35 950 23 3 -2.759066 276
45 950 23 3 -0.9413445 276
55 950 23 3 -1.355089 276
25 350 24 3 3.391244 119
35 350 24 3 5.040013 118
45 350 24 3 3.685711 118
55 350 24 3 2.543773 118
65 350 24 3 2.502123 118
25 450 24 3 3.697326 118.7843
35 450 24 3 6.116186 118
45 450 24 3 3.597834 118
55 450 24 3 3.343182 118
65 450 24 3 3.1924 118
25 550 24 3 4.231584 118.75
35 550 24 3 6.469995 118
45 550 24 3 3.122303 118
55 550 24 3 3.47386 118
65 550 24 3 4.427173 118
25 650 24 3 4.33695 118.6809
35 650 24 3 7.022207 118
45 650 24 3 3.680375 118
55 650 24 3 3.888424 118
65 650 24 3 5.240349 118
25 750 24 3 5.24021 118.6667
35 750 24 3 7.247009 118
45 750 24 3 4.633552 118
55 750 24 3 6.078317 118
25 850 24 3 6.069115 118.6757
35 850 24 3 7.174013 118
45 850 24 3 5.939271 118
55 850 24 3 5.779372 118
15 950 24 3 6.148825 119
25 950 24 3 6.978452 118.7877
35 950 24 3 5.964593 118
45 950 24 3 6.257623 118
55 950 24 3 4.782651 118
-15 350 21 4 -0.8493759 219
-5 350 21 4 -0.9197994 218.6834
5 350 21 4 -0.7626626 218
15 350 21 4 -0.887651 218
-15 450 21 4 -1.023659 219
-5 450 21 4 -1.018738 218.6023
5 450 21 4 -0.8874886 218
15 450 21 4 -0.6647807 218
-15 550 21 4 -1.040838 219
-5 550 21 4 -0.9318507 218.5915
5 550 21 4 -0.7753475 218
15 550 21 4 -0.6335559 218
-15 650 21 4 -1.061184 219
-5 650 21 4 -0.6737915 218.4068
5 650 21 4 -0.5241747 218
15 650 21 4 -0.6532978 218
-15 750 21 4 -1.477118 219
-5 750 21 4 -0.7784247 218.525
5 750 21 4 -0.5627295 218
15 750 21 4 -0.8386857 218
-15 850 21 4 -1.849286 219
-5 850 21 4 -1.444898 218.4444
5 850 21 4 -0.9600233 218
15 850 21 4 -1.562367 218
-15 950 21 4 -1.917952 219
-5 950 21 4 -1.526417 218.4255
5 950 21 4 -1.026332 218
15 950 21 4 -1.556539 218
-15 350 22 4 -1.637502 34
-5 350 22 4 -1.436793 33.87179
5 350 22 4 -0.9877377 33
15 350 22 4 -0.03331376 33
-15 450 22 4 -1.759926 34
-5 450 22 4 -1.544735 33.79167
5 450 22 4 -0.4491274 33
15 450 22 4 -0.374999 33
-15 550 22 4 -1.717027 34
-5 550 22 4 -1.650288 33.81429
5 550 22 4 -0.3969923 33
15 550 22 4 -0.1087407 33
-15 650 22 4 -1.597051 34
-5 650 22 4 -1.766776 33.79661
5 650 22 4 -0.4252844 33
15 650 22 4 0.2680435 33
-15 750 22 4 -1.778889 34
-5 750 22 4 -1.520959 33.78182
5 750 22 4 -0.8657134 33
15 750 22 4 0.8009734 33
-15 850 22 4 -1.874462 34
-5 850 22 4 -1.303562 33.76471
5 850 22 4 -0.76232 33
15 850 22 4 1.590565 33
-15 950 22 4 -1.803675 34
-5 950 22 4 -1.215753 33.94286
5 950 22 4 -0.8051979 33
15 950 22 4 2.078129 33
-15 350 23 4 -2.656897 279
-5 350 23 4 -2.699719 279
5 350 23 4 -2.90756 278.2759
15 350 23 4 -2.676078 278
-15 450 23 4 -2.567106 279
-5 450 23 4 -2.679821 279
5 450 23 4 -2.904705 278.5238
15 450 23 4 -3.177492 278
-15 550 23 4 -2.476381 279
-5 550 23 4 -2.681637 279
5 550 23 4 -3.172866 278.4717
15 550 23 4 -3.389054 278
-15 650 23 4 -2.675028 279
-5 650 23 4 -2.823287 279
5 650 23 4 -3.109886 278.5319
15 650 23 4 -3.324634 278
-15 750 23 4 -2.802774 279
-5 750 23 4 -3.071837 279
5 750 23 4 -2.889891 278.475
15 750 23 4 -3.500838 278
-15 850 23 4 -2.79729 279
-5 850 23 4 -2.876112 279
5 850 23 4 -2.871163 278.5
15 850 23 4 -3.742724 278
-15 950 23 4 -2.909843 279
-5 950 23 4 -2.449456 279
5 950 23 4 -2.849122 278.4301
15 950 23 4 -3.997689 278
-15 350 24 4 -1.665332 121
-5 350 24 4 -1.68585 121
5 350 24 4 -1.066456 120
15 350 24 4 0.8042567 120
-15 450 24 4 -1.696148 121
-5 450 24 4 -1.491818 120.9259
5 450 24 4 -1.238568 120
15 450 24 4 0.9520739 120
-15 550 24 4 -1.714231 121
-5 550 24 4 -1.003843 120.7049
5 550 24 4 -0.5954399 120
15 550 24 4 0.6674396 120
-15 650 24 4 -1.362836 121
-5 650 24 4 -0.8734082 120.7037
5 650 24 4 0.156819 120
15 650 24 4 1.183211 120
-15 750 24 4 -1.78675 121
-5 750 24 4 -0.8953687 120.7059
5 750 24 4 0.2271239 120
15 750 24 4 2.018277 120
-15 850 24 4 -3.068662 121
-5 850 24 4 -1.194437 120.7073
5 850 24 4 0.9659187 120
15 850 24 4 2.8107 120
-15 950 24 4 -3.491792 121
-5 950 24 4 -1.316611 120.3785
5 950 24 4 1.180111 120
15 950 24 4 5.298946 120
-45 350 21 5 -2.154672 220.5319
-35 350 21 5 -1.522616 220
-15 350 21 5 -0.88942 220
-45 450 21 5 -2.083679 220.75
-35 450 21 5 -2.174632 220
-15 450 21 5 -1.006973 220
-45 550 21 5 -2.200994 220.7818
-35 550 21 5 -2.434164 220
-15 550 21 5 -1.088602 220
-45 650 21 5 -2.442966 220.9035
-35 650 21 5 -2.596993 220
-25 650 21 5 -1.583628 220
-15 650 21 5 -1.190947 220
-45 750 21 5 -2.577188 221
-35 750 21 5 -2.612054 220
-25 750 21 5 -1.808613 220
-15 750 21 5 -1.594238 220
-45 850 21 5 -2.823298 221
-35 850 21 5 -2.690325 220
-25 850 21 5 -1.966318 220
-15 850 21 5 -1.897757 220
-45 950 21 5 -2.825142 221
-35 950 21 5 -2.806124 220
-25 950 21 5 -2.604479 220
-15 950 21 5 -2.488727 220
-55 350 22 5 -3.658976 36
-45 350 22 5 -3.061121 35.86585
-35 350 22 5 -2.681771 35
-25 350 22 5 -2.259742 35
-15 350 22 5 -1.755409 35
-55 450 22 5 -3.86653 36
-45 450 22 5 -3.124641 36
-35 450 22 5 -3.147559 35
-25 450 22 5 -2.493757 35
-15 450 22 5 -1.617083 35
-55 550 22 5 -4.041681 36
-45 550 22 5 -3.314231 36
-35 550 22 5 -3.442094 35
-25 550 22 5 -2.285051 35
-15 550 22 5 -1.609301 35
-55 650 22 5 -4.572572 36
-45 650 22 5 -3.348121 36
-35 650 22 5 -3.358164 35
-25 650 22 5 -1.698567 35
-15 650 22 5 -1.592813 35
-55 750 22 5 -4.597588 36
-45 750 22 5 -3.255661 36
-35 750 22 5 -3.192483 35
-25 750 22 5 -1.755913 35
-15 750 22 5 -1.859214 35
-55 850 22 5 -4.636649 36
-45 850 22 5 -3.331547 36
-35 850 22 5 -3.310486 35
-25 850 22 5 -2.230133 35
-15 850 22 5 -2.140983 35
-55 950 22 5 -4.631841 36
-45 950 22 5 -4.315442 36
-35 950 22 5 -2.265199 35
-25 950 22 5 -3.54945 35
-55 350 23 5 -1.865437 281
-45 350 23 5 -2.062595 280.8322
-35 350 23 5 -1.99118 280
-25 350 23 5 -2.163936 280
-15 350 23 5 -2.409532 280
-55 450 23 5 -1.819793 281
-45 450 23 5 -2.180466 280.8584
-35 450 23 5 -2.183566 280
-25 450 23 5 -2.096591 280
-15 450 23 5 -2.436165 280
-55 550 23 5 -2.021589 281
-45 550 23 5 -2.40088 280.9023
-35 550 23 5 -2.418789 280
-25 550 23 5 -2.160798 280
-15 550 23 5 -2.480685 280
-55 650 23 5 -2.320877 281
-45 650 23 5 -2.357411 280.8916
-35 650 23 5 -2.180438 280
-25 650 23 5 -2.230437 280
-15 650 23 5 -2.408218 280
-55 750 23 5 -2.495995 281
-45 750 23 5 -2.492123 281
-35 750 23 5 -1.706408 280
-25 750 23 5 -2.294121 280
-15 750 23 5 -2.544926 280
-55 850 23 5 -2.665372 281
-45 850 23 5 -2.557634 281
-35 850 23 5 -1.871895 280
-25 850 23 5 -2.632748 280
-15 850 23 5 -2.830183 280
-55 950 23 5 -2.95059 281
-45 950 23 5 -3.159061 281
-35 950 23 5 -1.721677 280
-25 950 23 5 -2.895817 280
-15 950 23 5 -2.929036 280
-45 350 24 5 -2.854136 123
-35 350 24 5 -2.339 122.4231
-25 350 24 5 -2.126146 122
-15 350 24 5 -2.185761 122
-45 450 24 5 -2.713239 123
-35 450 24 5 -2.55185 122.6667
-25 450 24 5 -2.404382 122
-15 450 24 5 -2.305846 122
-45 550 24 5 -2.699438 123
-35 550 24 5 -2.758741 122.4615
-25 550 24 5 -2.586579 122
-15 550 24 5 -2.323272 122
-45 650 24 5 -3.013162 123
-35 650 24 5 -2.944234 122.3636
-25 650 24 5 -3.03332 122
-15 650 24 5 -2.458435 122
-45 750 24 5 -3.328651 123
-35 750 24 5 -3.0757 122.3611
-25 750 24 5 -3.550641 122
-15 750 24 5 -2.797916 122
-45 850 24 5 -3.248763 123
-35 850 24 5 -3.536477 122.3714
-25 850 24 5 -3.833463 122
-15 850 24 5 -3.445482 122
-45 950 24 5 -2.845456 123
-35 950 24 5 -3.583868 122.5278
-25 950 24 5 -3.888868 122
-15 950 24 5 -3.506418 122
-65 350 21 6 -2.702385 225
-55 350 21 6 -2.373258 224.7868
-45 350 21 6 -2.273125 224
-65 450 21 6 -2.912989 225
-55 450 21 6 -2.655372 224.875
-45 450 21 6 -2.62525 224
-65 550 21 6 -2.945714 225
-55 550 21 6 -2.769732 224.8427
-45 550 21 6 -2.752514 224
-65 650 21 6 -2.908938 225
-55 650 21 6 -2.785761 224.8642
-45 650 21 6 -2.884589 224
-65 750 21 6 -2.82172 225
-55 750 21 6 -2.835037 224.8571
-45 750 21 6 -2.896737 224
-65 850 21 6 -2.730701 225
-55 850 21 6 -2.80385 224.8451
-45 850 21 6 -2.875609 224
-65 950 21 6 -2.661986 225
-55 950 21 6 -2.832107 224.9554
-45 950 21 6 -2.805467 224
-65 350 22 6 -4.022558 40.60504
-55 350 22 6 -3.616854 40.18254
-45 350 22 6 -3.657944 40
-65 450 22 6 -4.373782 40.63107
-55 450 22 6 -4.048329 40.52439
-45 450 22 6 -3.645736 40
-65 550 22 6 -4.585993 40.65476
-55 550 22 6 -4.229357 40.52857
-45 550 22 6 -3.749688 40
-65 650 22 6 -4.647632 40.67143
-55 650 22 6 -4.291845 40.59375
-45 650 22 6 -4.049296 40
-65 750 22 6 -4.67301 40.66129
-55 750 22 6 -4.425104 40.54
-65 850 22 6 -4.759252 40.65
-55 850 22 6 -4.629773 40.48649
-65 950 22 6 -5.114697 40.56604
-55 950 22 6 -4.715368 40.53623
-65 350 23 6 -2.458407 283.5024
-55 350 23 6 -2.290943 283.3908
-45 350 23 6 -2.176289 283
-65 450 23 6 -2.740576 283.4872
-55 450 23 6 -2.498884 283.4609
-45 450 23 6 -2.292313 283
-65 550 23 6 -2.956341 283.4792
-55 550 23 6 -2.835292 283.6
-45 550 23 6 -2.492184 283
-65 650 23 6 -3.045088 283.425
-55 650 23 6 -2.908394 283.3158
-45 650 23 6 -2.64098 283
-65 750 23 6 -3.057657 283.4545
-55 750 23 6 -3.059809 283.3673
-45 750 23 6 -2.81533 283
-65 850 23 6 -3.04085 283.4865
-55 850 23 6 -3.072575 283.5747
-45 850 23 6 -3.326199 283
-65 950 23 6 -2.987894 283.4028
-55 950 23 6 -3.056099 283.3037
-45 950 23 6 -3.007745 283
-65 350 24 6 -3.444015 126
-55 350 24 6 -3.101341 125.4277
-45 350 24 6 -3.294333 125
-65 450 24 6 -3.723349 126
-55 450 24 6 -3.23048 125.4375
-45 450 24 6 -3.514412 125
-65 550 24 6 -3.791123 126
-55 550 24 6 -3.342517 125.5054
-45 550 24 6 -3.571688 125
-65 650 24 6 -3.875464 126
-55 650 24 6 -3.465193 125.6
-45 650 24 6 -3.78558 125
-65 750 24 6 -4.006298 126
-55 750 24 6 -3.738805 125.5921
-45 750 24 6 -3.990096 125
-65 850 24 6 -4.114341 126
-55 850 24 6 -4.040385 125.5714
-45 850 24 6 -4.287806 125
-65 950 24 6 -4.145881 126
-55 950 24 6 -3.892586 125.5111
-45 950 24 6 -3.806726 125
-55 350 21 7 -2.529314 227
-45 350 21 7 -2.458829 227
-35 350 21 7 -1.494746 227
-25 350 21 7 -1.400514 227
-15 350 21 7 -1.412168 227
-5 350 21 7 -1.34613 227
-55 450 21 7 -2.701585 227
-45 450 21 7 -2.413011 227
-35 450 21 7 -1.467873 227
-25 450 21 7 -1.308398 227
-15 450 21 7 -1.338994 227
-5 450 21 7 -1.276435 227
-55 550 21 7 -2.710369 227
-45 550 21 7 -2.608037 227
-35 550 21 7 -1.32976 227
-25 550 21 7 -1.49644 227
-15 550 21 7 -1.562482 227
-5 550 21 7 -1.379401 227
-55 650 21 7 -2.64595 227
-45 650 21 7 -2.611097 227
-35 650 21 7 -1.752072 227
-25 650 21 7 -1.692075 227
-15 650 21 7 -1.286016 227
-5 650 21 7 -1.655477 227
-55 750 21 7 -2.054117 227
-45 750 21 7 -1.968876 227
-35 750 21 7 -1.980647 227
-25 750 21 7 -1.441298 227
-15 750 21 7 -1.246245 227
-55 850 21 7 -1.37979 227
-45 850 21 7 -1.543759 227
-35 850 21 7 -1.782778 227
-25 850 21 7 -1.016694 227
-15 850 21 7 -1.316667 227
-55 950 21 7 -1.272298 227
-45 950 21 7 -1.593422 227
-35 950 21 7 -1.455256 227
-25 950 21 7 -1.426842 227
-15 950 21 7 -1.310633 227
-55 350 22 7 -3.07816 43
-45 350 22 7 -3.065989 43
-35 350 22 7 -2.765936 43
-25 350 22 7 -2.78678 43
-15 350 22 7 -3.41924 43
-5 350 22 7 -1.722151 43
-55 450 22 7 -3.524939 43
-45 450 22 7 -3.252834 43
-35 450 22 7 -3.10195 43
-25 450 22 7 -3.309077 43
-15 450 22 7 -3.876495 43
-5 450 22 7 -2.572888 43
-55 550 22 7 -3.806344 43
-45 550 22 7 -3.224253 43
-35 550 22 7 -3.03699 43
-25 550 22 7 -3.269226 43
-15 550 22 7 -3.64872 43
-5 550 22 7 -0.4148391 43
-55 650 22 7 -4.00553 43
-45 650 22 7 -3.526177 43
-35 650 22 7 -3.189306 43
-25 650 22 7 -3.277568 43
-15 650 22 7 -3.202007 43
-5 650 22 7 0.3103504 43
-55 750 22 7 -4.082425 43
-45 750 22 7 -3.81779 43
-35 750 22 7 -3.409883 43
-25 750 22 7 -3.38343 43
-15 750 22 7 -3.763161 43
-5 750 22 7 0.1259609 43
-55 850 22 7 -2.28494 43
-45 850 22 7 -3.371824 43
-35 850 22 7 -3.708247 43
-15 850 22 7 -4.23565 43
-5 850 22 7 -2.518551 43
-55 950 22 7 -1.523955 43
-45 950 22 7 -2.337747 43
-35 950 22 7 -3.87912 43
-15 950 22 7 -4.215169 43
-5 950 22 7 -3.695661 43
-65 350 23 7 -2.712627 286
-55 350 23 7 -2.552037 286
-65 450 23 7 -2.929627 286
-55 450 23 7 -2.871125 286
-65 550 23 7 -3.010844 286
-55 550 23 7 -2.945305 286
-65 650 23 7 -3.088779 286
-55 650 23 7 -2.996974 286
-65 750 23 7 -3.149998 286
-55 750 23 7 -3.037787 286
-65 850 23 7 -3.16669 286
-55 850 23 7 -3.290922 286
-65 950 23 7 -3.162048 286
-55 950 23 7 -3.06352 286
-65 350 24 7 -3.514023 128
-55 350 24 7 -3.024907 128
-65 450 24 7 -3.821479 128
-55 450 24 7 -3.413142 128
-65 550 24 7 -3.978952 128
-55 550 24 7 -3.604515 128
-65 650 24 7 -4.08146 128
-55 650 24 7 -3.930817 128
-65 750 24 7 -4.179511 128
-55 750 24 7 -4.157587 128
-65 850 24 7 -4.129317 128
-55 850 24 7 -3.266189 128
-65 950 24 7 -4.15262 128
-55 950 24 7 -3.15256 128
-5 350 21 8 -1.439426 229
5 350 21 8 -2.62473 229
15 350 21 8 -2.261085 229
25 350 21 8 -2.060285 229
35 350 21 8 -1.789961 229
-5 450 21 8 -1.361078 229
5 450 21 8 -3.015958 229
15 450 21 8 -2.826746 229
25 450 21 8 -1.966122 229
35 450 21 8 -1.754888 229
-5 550 21 8 -1.881253 229
5 550 21 8 -3.094701 229
15 550 21 8 -2.891588 229
25 550 21 8 -2.282522 229
35 550 21 8 -1.865039 229
-5 650 21 8 -1.869115 229
5 650 21 8 -2.213298 229
15 650 21 8 -2.803505 229
25 650 21 8 -3.079865 229
35 650 21 8 -2.403624 229
-5 750 21 8 -0.1453105 229
5 750 21 8 -1.5617 229
15 750 21 8 -1.22909 229
25 750 21 8 -3.16859 229
35 750 21 8 -2.486858 229
-5 850 21 8 -0.5229733 229
5 850 21 8 -1.29945 229
15 850 21 8 -1.075765 229
25 850 21 8 -3.203648 229
35 850 21 8 -2.632662 229
-5 950 21 8 -1.698442 229
5 950 21 8 -0.7929506 229
15 950 21 8 -3.977175 229
25 950 21 8 -6.294571 229
35 950 21 8 -4.714138 229
-5 350 22 8 -1.307273 45
5 350 22 8 0.2968143 45
15 350 22 8 0.2574621 45
25 350 22 8 0.09324818 45
35 350 22 8 0.3918537 45
-5 450 22 8 -0.09324753 45
5 450 22 8 0.05856102 45
15 450 22 8 0.2409431 45
25 450 22 8 0.5087048 45
35 450 22 8 0.4275931 45
-5 550 22 8 -0.06034414 45
5 550 22 8 0.5075617 45
15 550 22 8 0.4224889 45
25 550 22 8 0.8269262 45
35 550 22 8 0.3743699 45
-5 650 22 8 0.3083695 45
5 650 22 8 2.548644 45
15 650 22 8 0.2270027 45
25 650 22 8 1.218202 45
35 650 22 8 0.7891748 45
-5 750 22 8 -0.460131 45
5 750 22 8 3.196061 45
15 750 22 8 0.5913519 45
25 750 22 8 1.444432 45
35 750 22 8 2.242455 45
-5 850 22 8 -1.977562 45
5 850 22 8 2.851293 45
15 850 22 8 1.229397 45
25 850 22 8 2.578476 45
35 850 22 8 4.319394 45
-5 950 22 8 -2.938989 45
5 950 22 8 3.112256 45
15 950 22 8 2.944055 45
25 950 22 8 4.100304 45
35 950 22 8 5.243796 45
-55 350 23 8 -2.600094 289
-45 350 23 8 -2.32609 289
-35 350 23 8 -2.554632 289
-25 350 23 8 -2.50908 289
-15 350 23 8 -1.987719 289
-5 350 23 8 -2.382134 289
-55 450 23 8 -2.848237 289
-45 450 23 8 -2.401312 289
-35 450 23 8 -2.316422 289
-25 450 23 8 -2.331413 289
-15 450 23 8 -1.625772 289
-5 450 23 8 1.262331 289
-45 550 23 8 -2.388751 289
-35 550 23 8 -2.258954 289
-25 550 23 8 -2.217066 289
-15 550 23 8 -1.838493 289
-5 550 23 8 2.368543 289
-45 650 23 8 -2.741914 289
-35 650 23 8 -2.407038 289
-25 650 23 8 -1.925235 289
-15 650 23 8 -1.69696 289
-5 650 23 8 2.74974 289
-45 750 23 8 -2.77483 289
-35 750 23 8 -2.666852 289
-25 750 23 8 -1.855315 289
-15 750 23 8 -1.738932 289
-5 750 23 8 1.498828 289
-45 850 23 8 -3.85454 289
-35 850 23 8 -3.224159 289
-25 850 23 8 -2.894695 289
-15 850 23 8 -2.986449 289
-5 850 23 8 -0.9745815 289
-45 950 23 8 -5.487987 289
-35 950 23 8 -3.832054 289
-25 950 23 8 -3.39049 289
-15 950 23 8 -3.072169 289
-5 950 23 8 -2.069819 289
-55 350 24 8 -3.635896 131
-45 350 24 8 -3.160017 131
-35 350 24 8 -2.403727 131
-25 350 24 8 -1.432249 131
-15 350 24 8 -1.16583 131
-5 350 24 8 -0.3170933 131
-55 450 24 8 -3.862561 131
-45 450 24 8 -3.246933 131
-35 450 24 8 -2.723881 131
-25 450 24 8 -1.745762 131
-15 450 24 8 -1.57306 131
-5 450 24 8 -0.5670405 131
-55 550 24 8 -3.634303 131
-45 550 24 8 -3.17144 131
-35 550 24 8 -2.86463 131
-25 550 24 8 -2.094495 131
-15 550 24 8 -1.965633 131
-5 550 24 8 -1.745403 131
-55 650 24 8 -3.569669 131
-45 650 24 8 -3.027768 131
-35 650 24 8 -2.58819 131
-25 650 24 8 -2.473231 131
-15 650 24 8 -2.311226 131
-5 650 24 8 -1.833513 131
-55 750 24 8 -3.595979 131
-45 750 24 8 -2.488284 131
-35 750 24 8 -1.335399 131
-25 750 24 8 -2.910632 131
-15 750 24 8 -2.857514 131
-5 750 24 8 -2.139467 131
-55 850 24 8 -2.644095 131
-45 850 24 8 -1.924859 131
-35 850 24 8 0.09777808 131
-25 850 24 8 -3.272207 131
-15 850 24 8 -3.31322 131
-55 950 24 8 -3.396372 131
-45 950 24 8 -1.722613 131
-35 950 24 8 0.5913057 131
-25 950 24 8 -3.29747 131
-15 950 24 8 -3.45417 131
45 350 21 9 -1.723004 232
55 350 21 9 -5.163638 232
65 350 21 9 -5.71915 232
75 350 21 9 -6.850615 232
35 450 21 9 -1.795642 232
45 450 21 9 -2.102529 232
55 450 21 9 -4.356548 232
65 450 21 9 -6.891983 232
75 450 21 9 -7.770292 232
35 550 21 9 -2.115079 232
45 550 21 9 -2.639558 232
65 550 21 9 -8.412985 232
75 550 21 9 -9.433682 232
35 650 21 9 -2.39333 232
45 650 21 9 -3.045844 232
65 650 21 9 -10.54393 232
75 650 21 9 -11.05732 232
45 750 21 9 -2.717215 232
65 750 21 9 -9.178453 232
75 750 21 9 -10.26634 232
45 850 21 9 -3.664287 232
65 850 21 9 -10.4688 232
75 850 21 9 -9.310649 232
45 950 21 9 -6.115609 232
75 950 21 9 -10.00257 232
35 350 22 9 0.6692924 48
45 350 22 9 0.6083609 48
55 350 22 9 2.037715 48
65 350 22 9 3.335287 48
75 350 22 9 2.598908 48
35 450 22 9 0.6886062 48
45 450 22 9 0.7436275 48
55 450 22 9 2.430387 48
65 450 22 9 4.863092 48
75 450 22 9 4.46817 48
35 550 22 9 0.9091663 48
45 550 22 9 0.8013755 48
55 550 22 9 2.719926 48
65 550 22 9 4.947132 48
75 550 22 9 4.770669 48
35 650 22 9 1.605167 48
45 650 22 9 1.739969 48
55 650 22 9 2.30501 48
65 650 22 9 5.472431 48
75 650 22 9 4.827294 48
35 750 22 9 3.277109 48
45 750 22 9 1.944145 48
55 750 22 9 2.314801 48
65 750 22 9 5.626693 48
75 750 22 9 5.044394 48
35 850 22 9 4.262597 48
45 850 22 9 3.64738 48
55 850 22 9 3.239184 48
65 850 22 9 5.730942 48
75 850 22 9 5.438185 48
35 950 22 9 4.66561 48
45 950 22 9 4.728372 48
55 950 22 9 4.50995 48
65 950 22 9 6.213364 48
75 950 22 9 5.10503 48
-5 350 23 9 -3.088953 291
5 350 23 9 -3.669353 291
15 350 23 9 -3.529718 291
-5 450 23 9 -1.791201 291
5 450 23 9 -4.236166 291
15 450 23 9 -3.433761 291
-5 550 23 9 0.7380728 291
5 550 23 9 -4.135725 291
15 550 23 9 -3.818643 291
-5 650 23 9 1.097906 291
5 650 23 9 -3.876871 291
15 650 23 9 -4.980524 291
-5 750 23 9 0.2224985 291
5 750 23 9 -6.519367 291
15 750 23 9 -5.772479 291
-5 850 23 9 -3.071072 291
5 850 23 9 -5.397608 291
15 850 23 9 -4.411755 291
-5 950 23 9 -2.429095 291
5 950 23 9 -3.942753 291
15 950 23 9 -3.773021 291
-5 350 24 9 -0.4283907 133
5 350 24 9 0.2169179 133
15 350 24 9 0.1966412 133
25 350 24 9 1.606937 133
35 350 24 9 1.959266 133
-5 450 24 9 -0.5363994 133
5 450 24 9 0.6476856 133
15 450 24 9 1.199822 133
25 450 24 9 1.884701 133
35 450 24 9 2.539783 133
-5 550 24 9 -0.725722 133
5 550 24 9 0.7522613 133
15 550 24 9 1.712442 133
25 550 24 9 1.221659 133
35 550 24 9 2.744061 133
-5 650 24 9 -1.719967 133
5 650 24 9 1.686866 133
15 650 24 9 3.625442 133
25 650 24 9 1.908537 133
35 650 24 9 3.519941 133
-5 750 24 9 -1.974292 133
5 750 24 9 2.444663 133
15 750 24 9 5.991782 133
25 750 24 9 3.348762 133
35 750 24 9 4.414199 133
-5 850 24 9 -2.295982 133
5 850 24 9 1.699233 133
15 850 24 9 4.708997 133
25 850 24 9 4.295172 133
-5 950 24 9 -2.492426 133
5 950 24 9 1.324407 133
15 950 24 9 4.909968 133
25 950 24 9 4.698328 133
65 350 22 10 2.668824 49
75 350 22 10 2.19757 49
65 450 22 10 4.307555 49
75 450 22 10 4.045866 49
65 550 22 10 4.234571 49
75 550 22 10 5.105933 49
65 650 22 10 4.790932 49
75 650 22 10 5.963745 49
65 750 22 10 5.761284 49
75 750 22 10 6.894701 49
65 850 22 10 8.570546 49
75 850 22 10 6.810186 49
65 950 22 10 9.1016 49
75 950 22 10 6.341097 49
15 350 23 10 -3.394477 292
25 350 23 10 -3.829371 292
35 350 23 10 -2.694054 292
5 450 23 10 -3.845473 292
15 450 23 10 -3.525061 292
25 450 23 10 -3.104156 292
35 450 23 10 -2.648577 292
5 550 23 10 -4.69851 292
15 550 23 10 -3.756927 292
25 550 23 10 -2.503443 292
35 550 23 10 -2.597213 292
5 650 23 10 -6.855816 292
15 650 23 10 -4.810905 292
25 650 23 10 -2.497395 292
35 650 23 10 -2.427431 292
5 750 23 10 -8.062729 292
15 750 23 10 -5.882553 292
25 750 23 10 -2.377459 292
35 750 23 10 -2.393457 292
5 850 23 10 -6.682105 292
15 850 23 10 -5.905392 292
25 850 23 10 -2.273223 292
35 850 23 10 -1.251563 292
5 950 23 10 -3.669959 292
15 950 23 10 -4.501648 292
25 950 23 10 -2.550859 292
35 950 23 10 -0.7201937 292
45 350 24 10 3.083888 136
55 350 24 10 2.97886 136
65 350 24 10 3.51955 136
35 450 24 10 3.479766 136
45 450 24 10 3.016236 136
55 450 24 10 3.019396 136
65 450 24 10 4.569477 136
35 550 24 10 3.430883 136
45 550 24 10 3.702877 136
55 550 24 10 3.382215 136
65 550 24 10 5.16663 136
35 650 24 10 3.474371 136
45 650 24 10 4.572155 136
55 650 24 10 4.053993 136
65 650 24 10 5.787558 136
35 750 24 10 3.975753 136
45 750 24 10 5.196923 136
55 750 24 10 4.915725 136
65 750 24 10 5.657964 136
35 850 24 10 4.205042 136
45 850 24 10 5.8583 136
55 850 24 10 4.949149 136
65 850 24 10 5.352695 136
45 950 24 10 5.968764 136
55 950 24 10 4.890717 136
65 950 24 10 5.771514 136
35 350 22 11 0.08519261 51
45 350 22 11 3.031863 51
55 350 22 11 4.58624 51
65 350 22 11 5.041297 51
35 450 22 11 1.583779 51
45 450 22 11 3.686322 51
55 450 22 11 4.616274 51
65 450 22 11 4.761099 51
35 550 22 11 3.263588 51
45 550 22 11 4.63016 51
55 550 22 11 4.550127 51
65 550 22 11 4.473463 51
35 650 22 11 4.172093 51
45 650 22 11 4.948666 51
55 650 22 11 5.177074 51
65 650 22 11 4.520171 51
35 750 22 11 3.787339 51
45 750 22 11 5.103427 51
55 750 22 11 4.863405 51
65 750 22 11 4.766169 51
35 850 22 11 4.685464 51
45 850 22 11 5.202318 51
55 850 22 11 5.751981 51
65 850 22 11 6.121618 51
45 950 22 11 5.252841 51
55 950 22 11 6.466419 51
45 350 23 11 -2.628107 295
55 350 23 11 -2.668974 295
65 350 23 11 -2.188848 295
35 450 23 11 -2.515868 295
45 450 23 11 -2.321374 295
55 450 23 11 -2.348082 295
65 450 23 11 -1.945317 295
35 550 23 11 -2.375915 295
45 550 23 11 -2.20983 295
55 550 23 11 -1.683979 295
65 550 23 11 -0.8640582 295
35 650 23 11 -2.166463 295
45 650 23 11 -2.102743 295
55 650 23 11 -0.6905443 295
65 650 23 11 -0.4821326 295
35 750 23 11 -1.759263 295
45 750 23 11 -1.18356 295
55 750 23 11 -0.8485741 295
65 750 23 11 -0.588881 295
35 850 23 11 -1.519442 295
45 850 23 11 -0.2637723 295
55 850 23 11 -0.6240254 295
65 850 23 11 -0.04406298 295
35 950 23 11 -1.568359 295
45 950 23 11 -0.2585784 295
55 950 23 11 -0.7743549 295
65 950 23 11 -0.1936329 295
45 350 24 11 3.658635 137
65 350 24 11 4.083829 137
45 450 24 11 3.189117 137
65 450 24 11 4.955349 137
45 550 24 11 3.327609 137
65 550 24 11 6.168797 137
45 650 24 11 3.971798 137
65 650 24 11 5.664343 137
45 750 24 11 4.783727 137
65 750 24 11 5.580234 137
45 850 24 11 5.451704 137
65 850 24 11 5.834291 137
45 950 24 11 5.092311 137
65 950 24 11 5.874299 137
45 350 23 12 -2.878839 297
55 350 23 12 -2.686083 297
65 350 23 12 -2.449603 297
75 350 23 12 -2.326318 297
45 450 23 12 -2.343244 297
55 450 23 12 -2.231595 297
65 450 23 12 -2.335145 297
75 450 23 12 -1.834182 297
45 550 23 12 -1.978073 297
55 550 23 12 -2.167103 297
65 550 23 12 -2.168318 297
75 550 23 12 -1.491385 297
45 650 23 12 -2.088934 297
55 650 23 12 -1.699189 297
65 650 23 12 -2.20657 297
75 650 23 12 -2.198261 297
45 750 23 12 -2.027074 297
55 750 23 12 1.058931 297
65 750 23 12 -2.667955 297
75 750 23 12 -2.414681 297
55 850 23 12 3.717543 297
65 850 23 12 -2.720641 297
75 850 23 12 -2.454222 297
55 950 23 12 4.716273 297
65 950 23 12 -2.515535 297
75 950 23 12 -1.830713 297
45 350 24 12 3.100107 138
55 350 24 12 3.251641 138
65 350 24 12 4.817204 138.1633
75 350 24 12 3.692846 138
45 450 24 12 3.332827 138
65 450 24 12 5.897638 138.1897
75 450 24 12 4.62488 138
45 550 24 12 3.261033 138
65 550 24 12 6.08024 138.1719
75 550 24 12 5.055118 138
45 650 24 12 3.348049 138
65 650 24 12 6.490814 138.5147
75 650 24 12 5.485142 138
45 750 24 12 3.42163 138
65 750 24 12 6.501443 138.325
75 750 24 12 5.804353 138
65 850 24 12 6.430319 138.4444
75 850 24 12 6.545526 138
65 950 24 12 6.748282 138.1932
75 950 24 12 7.142654 138
35 350 23 13 -2.748038 299.5392
45 350 23 13 -2.580643 299
55 350 23 13 -2.610917 299
65 350 23 13 -2.400337 299
35 450 23 13 -2.462017 299.1087
45 450 23 13 -2.163686 299
55 450 23 13 -2.558271 299
65 450 23 13 -2.181734 299
35 550 23 13 -2.530408 299
45 550 23 13 -2.273394 299
55 550 23 13 -2.398891 299
65 550 23 13 -2.247321 299
35 650 23 13 -2.590759 299
45 650 23 13 -2.387169 299
55 650 23 13 -2.136277 299
65 650 23 13 -2.164849 299
35 750 23 13 -2.547065 299
45 750 23 13 -2.640782 299
55 750 23 13 -2.073362 299
65 750 23 13 -1.514904 299
35 850 23 13 -2.534783 299
45 850 23 13 -2.594829 299
55 850 23 13 -1.839693 299
65 850 23 13 -1.212608 299
35 950 23 13 -2.00893 299
45 950 23 13 -2.819731 299
55 950 23 13 -1.169334 299
35 350 24 13 4.13563 140
45 350 24 13 3.473967 140
55 350 24 13 3.916963 140
65 350 24 13 4.22944 140
35 450 24 13 4.628548 140
45 450 24 13 3.871964 140
55 450 24 13 5.630225 140
65 450 24 13 5.455568 140
35 550 24 13 4.645594 140
45 550 24 13 4.252214 140
55 550 24 13 6.454771 140
65 550 24 13 6.487724 140
35 650 24 13 4.299845 140
45 650 24 13 4.741988 140
55 650 24 13 7.108935 140
65 650 24 13 6.166688 140
35 750 24 13 3.845255 140
45 750 24 13 5.265851 140
55 750 24 13 7.081494 140
65 750 24 13 5.50881 140
35 850 24 13 3.333768 140
45 850 24 13 6.187301 140
55 850 24 13 5.964293 140
35 950 24 13 2.879098 140
45 950 24 13 5.903051 140
55 950 24 13 4.668228 140
