-65 -55 -45 -35 -25 -15 -5 5 15 25 35 45 55 65 75
350 450 550 650 750 850 950
-3.164342 -3.27367 -3.367286 -3.469155 -3.559814 -3.640546 -3.776146
-2.925924 -3.05987 -3.151554 -3.239227 -3.329776 -3.458821 -3.523114
-2.821805 -2.841119 -2.885293 -2.959937 -3.050921 -3.18579 -3.225153
-2.442657 -2.610447 -2.657738 -2.69273 -2.765653 -2.871084 -2.964528
-2.188408 -2.403364 -2.471664 -2.462493 -2.482597 -2.499256 -2.608701
-1.824757 -1.999025 -2.045424 -2.027099 -2.106634 -2.230263 -2.412999
-1.542935 -1.398023 -1.230745 -0.893981 -0.857095 -1.31234 -1.731334
-1.195739 -1.138615 -1.027026 -0.9356581 -0.7974441 -0.7382455 -0.7745099
-0.7999833 -0.7828085 -0.7302366 -0.5852721 -0.321236 -0.05119109 0.2322478
-0.2350758 -0.1329913 -0.001531579 0.1334952 0.2561864 0.4687564 0.511467
0.2163632 0.4691898 0.5891385 0.6352516 0.8266021 0.8043434 0.7066958
0.4343777 0.631122 0.7180737 0.8122342 0.999483 1.128569 1.351714
0.2817976 0.7378515 1.156092 1.328412 1.510444 1.716363 1.833081
0.1424142 0.5225165 0.640542 0.7419353 1.043327 1.06093 2.740552
-0.5867084 -0.04082551 0.09195879 0.174509 0.1965293 0.1650994 0.4303619
