-65 -55 -45 -35 -25 -15 -5 5 15 25 35 45 55 65 75
350 450 550 650 750 850 950
1.035834 1.240312 1.333956 1.359008 1.38971 1.518038 1.83032
1.036559 1.168536 1.207376 1.361772 1.436499 1.477422 1.442675
1.034977 1.042773 1.017436 1.028748 1.040607 0.8920101 0.9048155
0.9708711 1.069166 1.027941 0.9788618 0.8935326 0.8792054 1.001026
1.420157 2.199793 1.853692 1.575828 1.296473 0.9179512 0.9420557
0.9755405 1.415125 1.344054 1.058235 0.7200349 0.5423859 0.8252312
1.937913 1.238137 0.4154593 1.50717 1.934806 0.5815087 0.8628068
3.412794 3.675155 3.699031 3.445559 3.560929 3.536392 3.445215
5.12821 5.451321 5.498372 5.58616 6.039609 6.827412 7.53478
6.144626 6.499064 6.514103 6.816738 7.438304 8.42139 9.876898
7.154749 7.551824 7.790779 8.178308 8.837027 9.318252 9.479262
7.555186 8.019558 8.353122 8.783076 9.247955 10.04782 10.12657
8.779481 8.974558 8.630849 8.887277 9.281281 9.513616 9.924106
10.06801 11.2527 12.04318 12.65881 12.39374 13.15808 10.67045
10.52756 12.29866 12.8286 13.64999 14.27712 14.98317 15.83207
