-65 -55 -45 -35 -25 -15 -5 5 15 25 35 45 55 65 75
350 450 550 650 750 850 950
-3.40178 -3.56256 -3.655042 -3.737173 -3.815639 -3.882992 -3.976385
-3.129424 -3.292875 -3.395204 -3.51309 -3.618925 -3.739411 -3.825609
-2.902194 -2.938224 -3.009885 -3.133619 -3.330376 -3.479733 -3.942667
-2.467503 -2.6928 -2.774799 -2.846671 -2.955346 -3.223251 -3.64942
-1.942558 -2.158725 -2.340161 -2.361835 -2.555438 -2.737448 -2.841804
-1.53097 -1.79669 -1.880853 -1.963393 -2.125302 -2.150594 -2.342702
-1.348837 -1.438278 -1.260924 -0.951597 -0.7945215 -1.148509 -1.593359
-1.219782 -1.236225 -1.150846 -1.024679 -0.9859385 -0.8641471 -0.7250197
-0.9186975 -0.9407643 -0.9133731 -0.7772673 -0.526034 -0.337463 0.1564863
-0.3486613 -0.2451696 -0.1531568 -0.03045279 0.02869213 0.1758845 0.1406771
0.09090805 0.3741833 0.4455287 0.4761929 0.7292522 0.6906666 0.8246376
0.485173 0.5064513 0.6099029 0.7934367 1.010514 1.103371 1.070235
0.2305482 0.5710791 1.029152 1.230829 1.464219 1.654347 1.763153
-0.1046043 0.1742901 0.1052474 0.2331136 0.7056512 0.6545975 2.717661
-0.8696552 -0.4578126 -0.4365374 -0.4907313 -0.457258 -0.4426583 -0.1661637
