lat prs camp flt x yday
5 350 21 1 -0.3996682 210
15 350 21 1 -0.6275528 210
25 350 21 1 -0.6107762 210
35 350 21 1 -0.7868372 210
5 450 21 1 -0.4542785 210
15 450 21 1 -0.61551 210
25 450 21 1 -0.6973434 210
5 550 21 1 -0.5033529 210
15 550 21 1 -0.7239148 210
25 550 21 1 -0.6628876 210
5 650 21 1 -0.5744038 210
15 650 21 1 -0.7704093 210
25 650 21 1 -0.6958399 210
5 750 21 1 -0.6505961 210
15 750 21 1 -0.729096 210
5 850 21 1 -0.6298972 210
15 850 21 1 -0.9329311 210
25 850 21 1 -0.9036447 210
5 950 21 1 -0.5640593 210
15 950 21 1 -1.277304 210
25 950 21 1 -1.879491 210
5 350 22 1 -1.521304 25
15 350 22 1 -0.5123803 25.64151
25 350 22 1 0.7039246 25.73333
35 350 22 1 0.9447059 25.14894
5 450 22 1 -1.170197 25
15 450 22 1 -0.8664075 25.5
25 450 22 1 -0.09632009 26
35 450 22 1 2.305051 26
5 550 22 1 -1.000487 25
15 550 22 1 -0.7022384 25.51852
25 550 22 1 0.3443777 26
35 550 22 1 2.716646 26
5 650 22 1 -0.523775 25
15 650 22 1 0.2821334 25.5
25 650 22 1 1.294555 26
35 650 22 1 2.940934 26
5 750 22 1 -0.6938333 25
15 750 22 1 1.160143 25.71429
25 750 22 1 2.158124 26
35 750 22 1 3.683549 26
5 850 22 1 -0.3525873 25
15 850 22 1 2.120135 26
25 850 22 1 3.180867 26
35 850 22 1 3.988327 26
5 950 22 1 -0.485278 25
15 950 22 1 2.614553 26
25 950 22 1 3.636451 26
-5 350 23 1 -2.44575 270
5 350 23 1 -3.117461 270
15 350 23 1 -3.320231 270
25 350 23 1 -3.264587 270
35 350 23 1 -3.648458 270.2581
-5 450 23 1 -2.594582 270
5 450 23 1 -2.962942 270
15 450 23 1 -3.411873 270
25 450 23 1 -3.296573 270
35 450 23 1 -3.836709 270.4923
-5 550 23 1 -2.703643 270
5 550 23 1 -3.090347 270
15 550 23 1 -3.69643 270
25 550 23 1 -3.417161 270
35 550 23 1 -4.501476 270.4688
5 650 23 1 -3.178485 270
15 650 23 1 -3.740655 270
25 650 23 1 -3.688607 270
35 650 23 1 -5.040692 270.4324
5 750 23 1 -2.961039 270
15 750 23 1 -4.080007 270
25 750 23 1 -4.330522 270
35 750 23 1 -5.134324 270.6154
5 850 23 1 -2.416933 270
15 850 23 1 -4.968164 270
25 850 23 1 -5.882477 270
35 850 23 1 -4.998289 270.66
5 950 23 1 -1.878733 270
15 950 23 1 -5.4917 270
25 950 23 1 -6.302939 270
35 950 23 1 -2.312294 270.9
5 350 24 1 0.9424479 113
15 350 24 1 1.610057 113
25 350 24 1 1.998249 113
35 350 24 1 2.969443 113
5 450 24 1 0.7333646 113
15 450 24 1 1.909223 113
25 450 24 1 2.236156 113
35 450 24 1 3.328818 113
5 550 24 1 0.6811995 113
15 550 24 1 1.775024 113
25 550 24 1 2.59427 113
35 550 24 1 3.756707 113.3462
5 650 24 1 0.7664903 113
15 650 24 1 1.621493 113
25 650 24 1 2.113873 113
35 650 24 1 3.710631 113.4667
5 750 24 1 1.32515 113
15 750 24 1 1.925479 113
25 750 24 1 1.784257 113
5 850 24 1 1.150471 113
15 850 24 1 2.323624 113
25 850 24 1 1.90776 113
5 950 24 1 0.7793341 113
15 950 24 1 3.069211 113
25 950 24 1 3.192175 113
35 350 21 2 -0.6962563 213
45 350 21 2 -0.9203265 213
65 350 21 2 -7.858681 213.1282
75 350 21 2 -8.467634 213
65 450 21 2 -6.368797 213.7614
75 450 21 2 -8.761493 213
65 550 21 2 -8.873975 213
75 550 21 2 -9.10662 213
65 650 21 2 -10.44375 213
75 650 21 2 -9.531806 213
75 750 21 2 -9.643314 213
75 850 21 2 -9.760557 213
75 950 21 2 -9.912044 213
35 350 22 2 0.6850098 28
45 350 22 2 2.133274 28
55 350 22 2 3.102998 28
65 350 22 2 2.260038 29
75 350 22 2 2.234189 29
35 450 22 2 1.041053 28
45 450 22 2 2.506097 28
55 450 22 2 4.117331 28
65 450 22 2 3.116198 29
75 450 22 2 3.348902 29
35 550 22 2 1.496797 28
45 550 22 2 2.494784 28
55 550 22 2 4.651412 28
65 550 22 2 3.524415 29
75 550 22 2 3.76839 29
35 650 22 2 1.77077 28
45 650 22 2 2.598207 28
55 650 22 2 4.7485 28
65 650 22 2 3.786662 29
75 650 22 2 4.312138 29
35 750 22 2 1.982996 28
45 750 22 2 3.022769 28
55 750 22 2 4.793162 28
65 750 22 2 4.145716 29
75 750 22 2 4.437798 29
35 850 22 2 2.370189 28
45 850 22 2 3.331196 28
55 850 22 2 4.816526 28
65 850 22 2 4.328147 29
75 850 22 2 4.544445 29
35 950 22 2 5.109856 28
45 950 22 2 3.614257 28
55 950 22 2 4.803022 28
65 950 22 2 5.773895 29
75 950 22 2 5.345548 29
35 350 23 2 -3.487869 273
45 350 23 2 -3.273649 273
55 350 23 2 -4.280425 273
65 350 23 2 -3.973755 274
75 350 23 2 -3.677716 273.5581
35 450 23 2 -3.321917 273
45 450 23 2 -3.28961 273
55 450 23 2 -4.267892 273
65 450 23 2 -3.86544 274
75 450 23 2 -3.967567 273.5455
35 550 23 2 -3.216693 273
45 550 23 2 -3.423826 273
55 550 23 2 -4.361245 273
65 550 23 2 -3.893267 274
75 550 23 2 -4.179838 273.8421
35 650 23 2 -3.381795 273
45 650 23 2 -3.570211 273
55 650 23 2 -4.443671 273
65 650 23 2 -3.955339 274
75 650 23 2 -4.390137 274
35 750 23 2 -4.346184 273
45 750 23 2 -3.660649 273
55 750 23 2 -4.594284 273
65 750 23 2 -4.062705 274
75 750 23 2 -4.790432 274
35 850 23 2 -5.440574 273
45 850 23 2 -4.421558 273
55 850 23 2 -5.01872 273
75 850 23 2 -5.048822 274
35 950 23 2 -5.608603 273
45 950 23 2 -5.374065 273
55 950 23 2 -5.60758 273
75 950 23 2 -4.261622 274
35 350 24 2 4.118822 116
45 350 24 2 4.152136 116
55 350 24 2 5.366768 116
65 350 24 2 5.626497 117
75 350 24 2 5.271421 116.36
35 450 24 2 4.207985 116
45 450 24 2 4.559139 116
55 450 24 2 6.544397 116
65 450 24 2 6.814462 117
75 450 24 2 6.159575 116.4762
35 550 24 2 4.553999 116
45 550 24 2 4.683566 116
55 550 24 2 6.453909 116
65 550 24 2 7.209317 117
75 550 24 2 6.298881 116.5179
35 650 24 2 4.525865 116
45 650 24 2 5.068948 116
55 650 24 2 6.208273 116
65 650 24 2 7.249789 117
75 650 24 2 6.681289 116.4921
35 750 24 2 5.059558 116
45 750 24 2 5.733237 116
55 750 24 2 6.401383 116
65 750 24 2 7.219626 117
75 750 24 2 6.737677 116.5172
35 850 24 2 5.535319 116
45 850 24 2 5.750738 116
55 850 24 2 6.618054 116
65 850 24 2 7.041108 117
75 850 24 2 6.592199 116.4468
35 950 24 2 5.657042 116
45 950 24 2 5.673282 116
55 950 24 2 6.736255 116
65 950 24 2 7.137165 117
75 950 24 2 6.697546 116.6042
25 350 21 3 -1.415555 216
35 350 21 3 -1.502906 215.2836
45 350 21 3 -3.969725 215
55 350 21 3 -5.747921 215
65 350 21 3 -9.562649 215
25 450 21 3 -1.077938 216
35 450 21 3 -1.249932 215.3061
45 450 21 3 -4.506908 215
55 450 21 3 -4.955786 215
65 450 21 3 -11.12043 215
25 550 21 3 -1.280652 216
35 550 21 3 -1.769608 215.4583
45 550 21 3 -3.717244 215
55 550 21 3 -5.000473 215
65 550 21 3 -11.41424 215
25 650 21 3 -0.9383244 216
35 650 21 3 -2.095514 215.2836
45 650 21 3 -2.976217 215
55 650 21 3 -5.075255 215
65 650 21 3 -9.250264 215
25 750 21 3 -1.28178 216
35 750 21 3 -3.522939 215.5333
45 750 21 3 -3.003405 215
55 750 21 3 -4.989506 215
65 750 21 3 -8.404129 215
35 850 21 3 -4.597272 215.4884
45 850 21 3 -3.229471 215
55 850 21 3 -4.605285 215
65 850 21 3 -8.986024 215
35 950 21 3 -5.066018 215.4865
45 950 21 3 -3.152713 215
55 950 21 3 -3.753038 215
25 350 22 3 1.46263 32
35 350 22 3 2.416544 32
45 350 22 3 2.812019 31
55 350 22 3 2.88035 31
65 350 22 3 2.793554 31
25 450 22 3 0.972681 32
35 450 22 3 2.789624 32
45 450 22 3 3.435803 31
55 450 22 3 3.674622 31
65 450 22 3 3.143142 31
25 550 22 3 1.797262 32
35 550 22 3 3.109264 32
45 550 22 3 3.74759 31
55 550 22 3 4.07689 31
65 550 22 3 4.435418 31
25 650 22 3 2.200506 32
35 650 22 3 3.649723 32
45 650 22 3 4.001431 31
55 650 22 3 4.499658 31
65 650 22 3 4.749499 31
15 750 22 3 2.149515 32
25 750 22 3 3.093643 32
35 750 22 3 4.481967 32
45 750 22 3 4.429562 31
55 750 22 3 4.884129 31
65 750 22 3 4.744169 31
15 850 22 3 2.839465 32
25 850 22 3 3.112666 32
35 850 22 3 4.503652 32
45 850 22 3 5.049392 31
55 850 22 3 5.672475 31
65 850 22 3 4.702705 31
15 950 22 3 3.055628 32
25 950 22 3 3.408425 32
35 950 22 3 4.247128 32
45 950 22 3 5.045189 31
55 950 22 3 6.016328 31
25 350 23 3 -3.394935 277
35 350 23 3 -3.250866 276
45 350 23 3 -3.11537 276
55 350 23 3 -2.843856 276
65 350 23 3 -4.090971 276
25 450 23 3 -3.427587 277
35 450 23 3 -3.454017 276
45 450 23 3 -3.456283 276
55 450 23 3 -3.045276 276
65 450 23 3 -4.183848 276
25 550 23 3 -3.676613 276.3438
35 550 23 3 -3.419418 276
45 550 23 3 -3.656943 276
55 550 23 3 -3.45273 276
25 650 23 3 -3.946333 276.45
35 650 23 3 -3.662437 276
45 650 23 3 -4.008784 276
55 650 23 3 -3.774739 276
25 750 23 3 -4.419844 276.4571
35 750 23 3 -3.800419 276
45 750 23 3 -4.16879 276
55 750 23 3 -3.728363 276
25 850 23 3 -4.604529 276.4138
35 850 23 3 -3.742731 276
45 850 23 3 -3.497731 276
55 850 23 3 -3.365283 276
25 950 23 3 -4.542973 276
35 950 23 3 -3.510281 276
45 950 23 3 -1.891328 276
55 950 23 3 -2.909414 276
25 350 24 3 3.152419 119
35 350 24 3 4.325385 118
45 350 24 3 3.647341 118
55 350 24 3 3.295241 118
65 350 24 3 3.295466 118
25 450 24 3 3.844855 118.7843
35 450 24 3 5.190784 118
45 450 24 3 3.609324 118
55 450 24 3 3.693584 118
65 450 24 3 3.828186 118
25 550 24 3 3.99032 118.75
35 550 24 3 5.452845 118
45 550 24 3 3.977256 118
55 550 24 3 4.158928 118
65 550 24 3 4.591423 118
25 650 24 3 4.655987 118.6809
35 650 24 3 5.693367 118
45 650 24 3 4.811864 118
55 650 24 3 4.91957 118
65 650 24 3 5.201857 118
25 750 24 3 4.811367 118.6667
35 750 24 3 5.799472 118
45 750 24 3 5.11537 118
55 750 24 3 5.673837 118
25 850 24 3 5.199331 118.6757
35 850 24 3 5.829393 118
45 850 24 3 5.802087 118
55 850 24 3 5.84527 118
15 950 24 3 5.01112 119
25 950 24 3 5.896621 118.7877
35 950 24 3 5.764821 118
45 950 24 3 5.846307 118
55 950 24 3 6.170353 118
-15 350 21 4 -0.6311864 219
-5 350 21 4 -0.8014848 218.6834
5 350 21 4 -0.8467328 218
15 350 21 4 -1.588073 218
-15 450 21 4 -0.8885322 219
-5 450 21 4 -0.8566582 218.6023
5 450 21 4 -0.854017 218
15 450 21 4 -0.8885757 218
-15 550 21 4 -0.8696143 219
-5 550 21 4 -0.8795901 218.5915
5 550 21 4 -0.8309075 218
15 550 21 4 -0.8772595 218
-15 650 21 4 -0.9316133 219
-5 650 21 4 -0.835183 218.4068
5 650 21 4 -0.8266951 218
15 650 21 4 -0.9425144 218
-15 750 21 4 -1.033693 219
-5 750 21 4 -0.7666172 218.525
5 750 21 4 -0.6566337 218
15 750 21 4 -1.238202 218
-15 850 21 4 -1.144312 219
-5 850 21 4 -0.7775018 218.4444
5 850 21 4 -0.6429037 218
15 850 21 4 -1.983355 218
-15 950 21 4 -1.185802 219
-5 950 21 4 -0.980416 218.4255
5 950 21 4 -0.7402777 218
15 950 21 4 -2.114532 218
-15 350 22 4 -1.705866 34
-5 350 22 4 -1.216767 33.87179
5 350 22 4 0.1125899 33
15 350 22 4 0.444595 33
-15 450 22 4 -1.634537 34
-5 450 22 4 -1.43278 33.79167
5 450 22 4 0.4572752 33
15 450 22 4 0.3246269 33
-15 550 22 4 -1.506513 34
-5 550 22 4 -1.513818 33.81429
5 550 22 4 0.4686925 33
15 550 22 4 0.4507285 33
-15 650 22 4 -1.410733 34
-5 650 22 4 -1.561769 33.79661
5 650 22 4 0.1685233 33
15 650 22 4 0.6495285 33
-15 750 22 4 -1.282471 34
-5 750 22 4 -1.465508 33.78182
5 750 22 4 -0.1929685 33
15 750 22 4 0.864028 33
-15 850 22 4 -1.172439 34
-5 850 22 4 -0.8879321 33.76471
5 850 22 4 -0.3799274 33
15 850 22 4 1.231984 33
-15 950 22 4 -1.136743 34
-5 950 22 4 -0.7480258 33.94286
5 950 22 4 -0.3851195 33
15 950 22 4 1.46019 33
-15 350 23 4 -2.574596 279
-5 350 23 4 -2.623621 279
5 350 23 4 -3.029544 278.2759
15 350 23 4 -2.935236 278
-15 450 23 4 -2.602425 279
-5 450 23 4 -2.775035 279
5 450 23 4 -3.193783 278.5238
15 450 23 4 -3.208896 278
-15 550 23 4 -2.615637 279
-5 550 23 4 -2.761984 279
5 550 23 4 -3.090845 278.4717
15 550 23 4 -3.422259 278
-15 650 23 4 -2.676028 279
-5 650 23 4 -2.664089 279
5 650 23 4 -3.134277 278.5319
15 650 23 4 -3.536757 278
-15 750 23 4 -2.740698 279
-5 750 23 4 -2.735041 279
5 750 23 4 -3.205151 278.475
15 750 23 4 -4.051133 278
-15 850 23 4 -2.800294 279
-5 850 23 4 -2.571904 279
5 850 23 4 -3.072433 278.5
15 850 23 4 -4.436036 278
-15 950 23 4 -2.799059 279
-5 950 23 4 -2.480708 279
5 950 23 4 -3.026956 278.4301
15 950 23 4 -4.550773 278
-15 350 24 4 -0.957072 121
-5 350 24 4 -1.357136 121
5 350 24 4 -0.6590424 120
15 350 24 4 1.408926 120
-15 450 24 4 -1.420648 121
-5 450 24 4 -1.386598 120.9259
5 450 24 4 -0.9751148 120
15 450 24 4 1.211557 120
-15 550 24 4 -1.661274 121
-5 550 24 4 -1.388463 120.7049
5 550 24 4 -0.4522843 120
15 550 24 4 0.3832464 120
-15 650 24 4 -1.78183 121
-5 650 24 4 -1.13038 120.7037
5 650 24 4 -0.419706 120
15 650 24 4 0.7137624 120
-15 750 24 4 -1.814808 121
-5 750 24 4 -1.04802 120.7059
5 750 24 4 -0.1002386 120
15 750 24 4 1.188216 120
-15 850 24 4 -2.002048 121
-5 850 24 4 -0.8006102 120.7073
5 850 24 4 0.0786979 120
15 850 24 4 1.959502 120
-15 950 24 4 -2.154601 121
-5 950 24 4 -0.6735366 120.3785
5 950 24 4 0.1559769 120
15 950 24 4 3.18595 120
-45 350 21 5 -2.278702 220.5319
-35 350 21 5 -1.706344 220
-15 350 21 5 -0.7896514 220
-45 450 21 5 -2.088099 220.75
-35 450 21 5 -2.271675 220
-15 450 21 5 -0.880929 220
-45 550 21 5 -2.149889 220.7818
-35 550 21 5 -2.538032 220
-15 550 21 5 -0.9374933 220
-45 650 21 5 -2.312521 220.9035
-35 650 21 5 -2.69356 220
-25 650 21 5 -1.061919 220
-15 650 21 5 -1.060625 220
-45 750 21 5 -2.366751 221
-35 750 21 5 -2.871189 220
-25 750 21 5 -1.110696 220
-15 750 21 5 -1.143438 220
-45 850 21 5 -3.003512 221
-35 850 21 5 -2.974716 220
-25 850 21 5 -1.15857 220
-15 850 21 5 -1.197087 220
-45 950 21 5 -3.042659 221
-35 950 21 5 -3.040848 220
-25 950 21 5 -1.255107 220
-15 950 21 5 -1.28932 220
-55 350 22 5 -3.800869 36
-45 350 22 5 -2.879376 35.86585
-35 350 22 5 -2.876636 35
-25 350 22 5 -2.575019 35
-15 350 22 5 -2.030899 35
-55 450 22 5 -3.909762 36
-45 450 22 5 -2.860607 36
-35 450 22 5 -3.137878 35
-25 450 22 5 -2.829312 35
-15 450 22 5 -2.042216 35
-55 550 22 5 -4.120712 36
-45 550 22 5 -2.934861 36
-35 550 22 5 -3.375075 35
-25 550 22 5 -2.691342 35
-15 550 22 5 -2.091964 35
-55 650 22 5 -4.656158 36
-45 650 22 5 -3.033623 36
-35 650 22 5 -3.421047 35
-25 650 22 5 -2.402201 35
-15 650 22 5 -2.024779 35
-55 750 22 5 -4.762857 36
-45 750 22 5 -3.586436 36
-35 750 22 5 -3.407052 35
-25 750 22 5 -2.224868 35
-15 750 22 5 -1.971414 35
-55 850 22 5 -4.815063 36
-45 850 22 5 -3.469663 36
-35 850 22 5 -3.719931 35
-25 850 22 5 -2.356439 35
-15 850 22 5 -1.770366 35
-55 950 22 5 -4.838974 36
-45 950 22 5 -5.61259 36
-35 950 22 5 -5.43716 35
-25 950 22 5 -2.535682 35
-55 350 23 5 -2.5539 281
-45 350 23 5 -2.699702 280.8322
-35 350 23 5 -2.629267 280
-25 350 23 5 -2.364317 280
-15 350 23 5 -2.333632 280
-55 450 23 5 -2.688477 281
-45 450 23 5 -2.798739 280.8584
-35 450 23 5 -2.73624 280
-25 450 23 5 -2.36424 280
-15 450 23 5 -2.492579 280
-55 550 23 5 -2.752137 281
-45 550 23 5 -2.885861 280.9023
-35 550 23 5 -2.881979 280
-25 550 23 5 -2.594542 280
-15 550 23 5 -2.501166 280
-55 650 23 5 -2.824508 281
-45 650 23 5 -2.911768 280.8916
-35 650 23 5 -2.890811 280
-25 650 23 5 -2.740124 280
-15 650 23 5 -2.721983 280
-55 750 23 5 -3.026363 281
-45 750 23 5 -2.979678 281
-35 750 23 5 -2.951454 280
-25 750 23 5 -2.722321 280
-15 750 23 5 -2.68464 280
-55 850 23 5 -3.285716 281
-45 850 23 5 -3.240261 281
-35 850 23 5 -3.116033 280
-25 850 23 5 -2.852169 280
-15 850 23 5 -2.819606 280
-55 950 23 5 -3.658083 281
-45 950 23 5 -3.309464 281
-35 950 23 5 -3.342873 280
-25 950 23 5 -2.952388 280
-15 950 23 5 -2.846186 280
-45 350 24 5 -2.689 123
-35 350 24 5 -2.261079 122.4231
-25 350 24 5 -2.018072 122
-15 350 24 5 -1.870722 122
-45 450 24 5 -2.636095 123
-35 450 24 5 -2.353393 122.6667
-25 450 24 5 -2.330786 122
-15 450 24 5 -1.931778 122
-45 550 24 5 -2.609581 123
-35 550 24 5 -2.483964 122.4615
-25 550 24 5 -2.494392 122
-15 550 24 5 -2.086697 122
-45 650 24 5 -2.658937 123
-35 650 24 5 -2.647361 122.3636
-25 650 24 5 -2.910481 122
-15 650 24 5 -2.373762 122
-45 750 24 5 -2.949314 123
-35 750 24 5 -2.95967 122.3611
-25 750 24 5 -3.361343 122
-15 750 24 5 -2.916185 122
-45 850 24 5 -3.23406 123
-35 850 24 5 -3.644954 122.3714
-25 850 24 5 -3.685663 122
-15 850 24 5 -3.690467 122
-45 950 24 5 -3.40482 123
-35 950 24 5 -3.76434 122.5278
-25 950 24 5 -3.863101 122
-15 950 24 5 -3.602401 122
-65 350 21 6 -2.803917 225
-55 350 21 6 -2.575559 224.7868
-45 350 21 6 -2.46485 224
-65 450 21 6 -2.85666 225
-55 450 21 6 -2.64281 224.875
-45 450 21 6 -2.489623 224
-65 550 21 6 -2.882602 225
-55 550 21 6 -2.688514 224.8427
-45 550 21 6 -2.553872 224
-65 650 21 6 -2.903303 225
-55 650 21 6 -2.713913 224.8642
-45 650 21 6 -2.610694 224
-65 750 21 6 -2.932249 225
-55 750 21 6 -2.742932 224.8571
-45 750 21 6 -2.622664 224
-65 850 21 6 -2.97633 225
-55 850 21 6 -2.863058 224.8451
-45 850 21 6 -2.749266 224
-65 950 21 6 -3.02409 225
-55 950 21 6 -3.082 224.9554
-45 950 21 6 -3.242743 224
-65 350 22 6 -4.17198 40.60504
-55 350 22 6 -3.724953 40.18254
-45 350 22 6 -3.35616 40
-65 450 22 6 -4.511676 40.63107
-55 450 22 6 -4.209042 40.52439
-45 450 22 6 -3.446769 40
-65 550 22 6 -4.674553 40.65476
-55 550 22 6 -4.31437 40.52857
-45 550 22 6 -3.577777 40
-65 650 22 6 -4.764442 40.67143
-55 650 22 6 -4.378283 40.59375
-45 650 22 6 -3.634371 40
-65 750 22 6 -4.87427 40.66129
-55 750 22 6 -4.503522 40.54
-65 850 22 6 -5.032966 40.65
-55 850 22 6 -4.812403 40.48649
-65 950 22 6 -5.275282 40.56604
-55 950 22 6 -4.937575 40.53623
-65 350 23 6 -2.994445 283.5024
-55 350 23 6 -2.922587 283.3908
-45 350 23 6 -2.907957 283
-65 450 23 6 -3.117803 283.4872
-55 450 23 6 -3.085227 283.4609
-45 450 23 6 -3.039159 283
-65 550 23 6 -3.21703 283.4792
-55 550 23 6 -3.202857 283.6
-45 550 23 6 -3.120001 283
-65 650 23 6 -3.316114 283.425
-55 650 23 6 -3.237303 283.3158
-45 650 23 6 -3.137361 283
-65 750 23 6 -3.354478 283.4545
-55 750 23 6 -3.25075 283.3673
-45 750 23 6 -3.177976 283
-65 850 23 6 -3.338337 283.4865
-55 850 23 6 -3.202497 283.5747
-45 850 23 6 -3.172577 283
-65 950 23 6 -3.351018 283.4028
-55 950 23 6 -3.236668 283.3037
-45 950 23 6 -2.977856 283
-65 350 24 6 -3.218644 126
-55 350 24 6 -3.177302 125.4277
-45 350 24 6 -3.208278 125
-65 450 24 6 -3.333618 126
-55 450 24 6 -3.232528 125.4375
-45 450 24 6 -3.339581 125
-65 550 24 6 -3.431565 126
-55 550 24 6 -3.275437 125.5054
-45 550 24 6 -3.520348 125
-65 650 24 6 -3.573225 126
-55 650 24 6 -3.324689 125.6
-45 650 24 6 -3.738571 125
-65 750 24 6 -3.704696 126
-55 750 24 6 -3.425843 125.5921
-45 750 24 6 -3.948796 125
-65 850 24 6 -3.747129 126
-55 850 24 6 -3.511239 125.5714
-45 850 24 6 -4.06491 125
-65 950 24 6 -3.827782 126
-55 950 24 6 -3.820837 125.5111
-45 950 24 6 -3.790212 125
-55 350 21 7 -2.459488 227
-45 350 21 7 -2.602802 227
-35 350 21 7 -1.692684 227
-25 350 21 7 -0.9163766 227
-15 350 21 7 -0.841641 227
-5 350 21 7 -1.140098 227
-55 450 21 7 -2.666345 227
-45 450 21 7 -2.508421 227
-35 450 21 7 -1.85323 227
-25 450 21 7 -1.208902 227
-15 450 21 7 -0.8847441 227
-5 450 21 7 -0.8641432 227
-55 550 21 7 -2.722926 227
-45 550 21 7 -2.652336 227
-35 550 21 7 -1.866675 227
-25 550 21 7 -1.429158 227
-15 550 21 7 -0.7949061 227
-5 550 21 7 -0.5331011 227
-55 650 21 7 -2.784214 227
-45 650 21 7 -2.874699 227
-35 650 21 7 -1.852294 227
-25 650 21 7 -1.619831 227
-15 650 21 7 -0.7304156 227
-5 650 21 7 -0.8191918 227
-55 750 21 7 -2.892281 227
-45 750 21 7 -2.958101 227
-35 750 21 7 -2.086029 227
-25 750 21 7 -1.781376 227
-15 750 21 7 -0.7330747 227
-55 850 21 7 -2.990348 227
-45 850 21 7 -2.965609 227
-35 850 21 7 -2.415983 227
-25 850 21 7 -1.946651 227
-15 850 21 7 0.5515887 227
-55 950 21 7 -2.962971 227
-45 950 21 7 -2.980765 227
-35 950 21 7 -2.898087 227
-25 950 21 7 -1.582867 227
-15 950 21 7 0.127109 227
-55 350 22 7 -3.350967 43
-45 350 22 7 -3.236203 43
-35 350 22 7 -2.709422 43
-25 350 22 7 -2.030362 43
-15 350 22 7 -0.9823738 43
-5 350 22 7 -0.5434945 43
-55 450 22 7 -3.644969 43
-45 450 22 7 -3.365688 43
-35 450 22 7 -3.206344 43
-25 450 22 7 -3.02024 43
-15 450 22 7 -2.678562 43
-5 450 22 7 -1.555821 43
-55 550 22 7 -3.942724 43
-45 550 22 7 -3.497738 43
-35 550 22 7 -3.003053 43
-25 550 22 7 -2.992472 43
-15 550 22 7 -2.582851 43
-5 550 22 7 -1.02917 43
-55 650 22 7 -4.139143 43
-45 650 22 7 -3.891527 43
-35 650 22 7 -3.211314 43
-25 650 22 7 -2.604359 43
-15 650 22 7 -2.344115 43
-5 650 22 7 0.511305 43
-55 750 22 7 -4.322049 43
-45 750 22 7 -4.188234 43
-35 750 22 7 -3.252264 43
-25 750 22 7 -2.937602 43
-15 750 22 7 -2.995453 43
-5 750 22 7 0.1652155 43
-55 850 22 7 -4.448668 43
-45 850 22 7 -4.291549 43
-35 850 22 7 -3.296105 43
-15 850 22 7 -3.164595 43
-5 850 22 7 -1.115951 43
-55 950 22 7 -4.374855 43
-45 950 22 7 -4.528861 43
-35 950 22 7 -3.377697 43
-15 950 22 7 -3.222159 43
-5 950 22 7 -2.051923 43
-65 350 23 7 -3.165791 286
-55 350 23 7 -3.038687 286
-65 450 23 7 -3.269204 286
-55 450 23 7 -3.130959 286
-65 550 23 7 -3.342475 286
-55 550 23 7 -3.284694 286
-65 650 23 7 -3.3818 286
-55 650 23 7 -3.337992 286
-65 750 23 7 -3.421419 286
-55 750 23 7 -3.374557 286
-65 850 23 7 -3.458155 286
-55 850 23 7 -3.648295 286
-65 950 23 7 -3.460303 286
-55 950 23 7 -3.454603 286
-65 350 24 7 -3.470447 128
-55 350 24 7 -3.147945 128
-65 450 24 7 -3.566563 128
-55 450 24 7 -3.346824 128
-65 550 24 7 -3.598714 128
-55 550 24 7 -3.450812 128
-65 650 24 7 -3.680481 128
-55 650 24 7 -3.502885 128
-65 750 24 7 -3.778958 128
-55 750 24 7 -3.579395 128
-65 850 24 7 -3.866905 128
-55 850 24 7 -3.535297 128
-65 950 24 7 -3.953442 128
-55 950 24 7 -3.66482 128
-5 350 21 8 -1.074562 229
5 350 21 8 -1.937847 229
15 350 21 8 -2.957862 229
25 350 21 8 -2.833979 229
35 350 21 8 -2.732735 229
-5 450 21 8 -0.9028744 229
5 450 21 8 -0.9696201 229
15 450 21 8 -2.788432 229
25 450 21 8 -2.331996 229
35 450 21 8 -2.440253 229
-5 550 21 8 -0.5793461 229
5 550 21 8 -0.6428905 229
15 550 21 8 -2.423248 229
25 550 21 8 -2.802671 229
35 550 21 8 -2.47954 229
-5 650 21 8 -0.006094186 229
5 650 21 8 -0.215953 229
15 650 21 8 -2.710136 229
25 650 21 8 -3.280077 229
35 650 21 8 -2.911101 229
-5 750 21 8 2.473743 229
5 750 21 8 0.260229 229
15 750 21 8 -2.6259 229
25 750 21 8 -3.43159 229
35 750 21 8 -3.372106 229
-5 850 21 8 1.239245 229
5 850 21 8 0.9679949 229
15 850 21 8 -2.746477 229
25 850 21 8 -3.924141 229
35 850 21 8 -4.143738 229
-5 950 21 8 -0.3826703 229
5 950 21 8 0.7762167 229
15 950 21 8 -3.558982 229
25 950 21 8 -6.717096 229
35 950 21 8 -5.925277 229
-5 350 22 8 -0.7263972 45
5 350 22 8 0.1037809 45
15 350 22 8 0.7446427 45
25 350 22 8 0.8667271 45
35 350 22 8 1.159816 45
-5 450 22 8 0.4428584 45
5 450 22 8 0.224251 45
15 450 22 8 0.3331211 45
25 450 22 8 1.347801 45
35 450 22 8 0.9086897 45
-5 550 22 8 0.805564 45
5 550 22 8 0.4415417 45
15 550 22 8 0.6126526 45
25 550 22 8 1.608306 45
35 550 22 8 0.6081134 45
-5 650 22 8 1.455295 45
5 650 22 8 1.062331 45
15 650 22 8 0.8502985 45
25 650 22 8 1.827304 45
35 650 22 8 1.083522 45
-5 750 22 8 2.579119 45
5 750 22 8 1.656535 45
15 750 22 8 1.261895 45
25 750 22 8 2.110754 45
35 750 22 8 2.323365 45
-5 850 22 8 0.4137375 45
5 850 22 8 1.933244 45
15 850 22 8 1.487667 45
25 850 22 8 2.550066 45
35 850 22 8 2.946 45
-5 950 22 8 -1.132685 45
5 950 22 8 2.322831 45
15 950 22 8 2.298152 45
25 950 22 8 2.664494 45
35 950 22 8 2.963402 45
-55 350 23 8 -3.183549 289
-45 350 23 8 -2.909671 289
-35 350 23 8 -2.985948 289
-25 350 23 8 -2.665818 289
-15 350 23 8 -2.048217 289
-5 350 23 8 -2.759259 289
-55 450 23 8 -3.178715 289
-45 450 23 8 -3.040321 289
-35 450 23 8 -2.738263 289
-25 450 23 8 -2.469598 289
-15 450 23 8 -1.787793 289
-5 450 23 8 -2.247244 289
-45 550 23 8 -2.960544 289
-35 550 23 8 -2.762739 289
-25 550 23 8 -2.785274 289
-15 550 23 8 -2.501501 289
-5 550 23 8 -1.659995 289
-45 650 23 8 -3.002225 289
-35 650 23 8 -2.842338 289
-25 650 23 8 -2.938194 289
-15 650 23 8 -2.74808 289
-5 650 23 8 -1.822879 289
-45 750 23 8 -3.076989 289
-35 750 23 8 -3.016872 289
-25 750 23 8 -2.93618 289
-15 750 23 8 -3.009051 289
-5 750 23 8 -2.014933 289
-45 850 23 8 -3.465156 289
-35 850 23 8 -3.470048 289
-25 850 23 8 -2.937815 289
-15 850 23 8 -3.103454 289
-5 850 23 8 -2.485624 289
-45 950 23 8 -4.526109 289
-35 950 23 8 -3.627354 289
-25 950 23 8 -3.094743 289
-15 950 23 8 -3.202214 289
-5 950 23 8 -2.758812 289
-55 350 24 8 -3.22969 131
-45 350 24 8 -3.202901 131
-35 350 24 8 -2.409947 131
-25 350 24 8 -1.050476 131
-15 350 24 8 -1.058635 131
-5 350 24 8 -0.005929016 131
-55 450 24 8 -3.326052 131
-45 450 24 8 -3.153118 131
-35 450 24 8 -2.779734 131
-25 450 24 8 -0.9714459 131
-15 450 24 8 -1.565801 131
-5 450 24 8 -0.8899005 131
-55 550 24 8 -3.332987 131
-45 550 24 8 -3.145399 131
-35 550 24 8 -2.879514 131
-25 550 24 8 -1.447297 131
-15 550 24 8 -1.70604 131
-5 550 24 8 -1.278278 131
-55 650 24 8 -3.427599 131
-45 650 24 8 -3.267749 131
-35 650 24 8 -2.7737 131
-25 650 24 8 -2.169836 131
-15 650 24 8 -2.213503 131
-5 650 24 8 -1.655574 131
-55 750 24 8 -3.603474 131
-45 750 24 8 -3.435581 131
-35 750 24 8 -2.732813 131
-25 750 24 8 -3.021758 131
-15 750 24 8 -2.629458 131
-5 750 24 8 -2.003847 131
-55 850 24 8 -3.668276 131
-45 850 24 8 -3.570824 131
-35 850 24 8 -2.800549 131
-25 850 24 8 -3.332642 131
-15 850 24 8 -2.862516 131
-55 950 24 8 -3.729957 131
-45 950 24 8 -3.621125 131
-35 950 24 8 -3.044815 131
-25 950 24 8 -3.416358 131
-15 950 24 8 -2.969252 131
45 350 21 9 -2.268104 232
55 350 21 9 -7.53192 232
65 350 21 9 -7.539853 232
75 350 21 9 -8.391627 232
35 450 21 9 -2.972421 232
45 450 21 9 -3.029225 232
55 450 21 9 -6.997715 232
65 450 21 9 -8.745387 232
75 450 21 9 -9.324175 232
35 550 21 9 -3.596455 232
45 550 21 9 -4.491224 232
65 550 21 9 -9.046563 232
75 550 21 9 -10.33381 232
35 650 21 9 -3.832884 232
45 650 21 9 -4.716328 232
65 650 21 9 -9.715132 232
75 650 21 9 -11.37973 232
45 750 21 9 -4.271659 232
65 750 21 9 -10.92481 232
75 750 21 9 -11.01424 232
45 850 21 9 -5.017272 232
65 850 21 9 -10.99915 232
75 850 21 9 -11.43391 232
45 950 21 9 -6.325964 232
75 950 21 9 -11.74817 232
35 350 22 9 1.112259 48
45 350 22 9 1.156935 48
55 350 22 9 1.809289 48
65 350 22 9 2.645582 48
75 350 22 9 2.901331 48
35 450 22 9 1.36081 48
45 450 22 9 1.228214 48
55 450 22 9 1.763461 48
65 450 22 9 3.507568 48
75 450 22 9 3.806853 48
35 550 22 9 1.760366 48
45 550 22 9 1.176911 48
55 550 22 9 1.826301 48
65 550 22 9 3.514119 48
75 550 22 9 3.873844 48
35 650 22 9 1.997843 48
45 650 22 9 1.364873 48
55 650 22 9 1.907459 48
65 650 22 9 3.965309 48
75 650 22 9 4.082122 48
35 750 22 9 2.278209 48
45 750 22 9 1.989982 48
55 750 22 9 2.069438 48
65 750 22 9 3.888607 48
75 750 22 9 4.257967 48
35 850 22 9 3.417767 48
45 850 22 9 2.949869 48
55 850 22 9 2.272728 48
65 850 22 9 4.057152 48
75 850 22 9 4.817421 48
35 950 22 9 3.61036 48
45 950 22 9 2.997783 48
55 950 22 9 2.470672 48
65 950 22 9 4.983866 48
75 950 22 9 4.803375 48
-5 350 23 9 -3.331197 291
5 350 23 9 -3.965086 291
15 350 23 9 -4.163516 291
-5 450 23 9 -3.306023 291
5 450 23 9 -4.086207 291
15 450 23 9 -4.573869 291
-5 550 23 9 -2.459039 291
5 550 23 9 -4.084699 291
15 550 23 9 -4.621095 291
-5 650 23 9 -2.024542 291
5 650 23 9 -3.863265 291
15 650 23 9 -4.208779 291
-5 750 23 9 -2.140405 291
5 750 23 9 -5.144932 291
15 750 23 9 -4.633347 291
-5 850 23 9 -2.868595 291
5 850 23 9 -5.458777 291
15 850 23 9 -4.114128 291
-5 950 23 9 -2.950671 291
5 950 23 9 -5.453002 291
15 950 23 9 -3.08743 291
-5 350 24 9 -0.3509714 133
5 350 24 9 -0.3950803 133
15 350 24 9 0.8834054 133
25 350 24 9 2.309741 133
35 350 24 9 3.328222 133
-5 450 24 9 -1.00993 133
5 450 24 9 -0.1857614 133
15 450 24 9 1.614982 133
25 450 24 9 2.522276 133
35 450 24 9 3.482442 133
-5 550 24 9 -1.105175 133
5 550 24 9 -0.1729094 133
15 550 24 9 2.531367 133
25 550 24 9 1.965224 133
35 550 24 9 3.639531 133
-5 650 24 9 -1.428456 133
5 650 24 9 -0.2179136 133
15 650 24 9 2.351735 133
25 650 24 9 1.655 133
35 650 24 9 3.773819 133
-5 750 24 9 -1.807768 133
5 750 24 9 0.1379925 133
15 750 24 9 2.50469 133
25 750 24 9 2.50351 133
35 750 24 9 5.451459 133
-5 850 24 9 -2.135339 133
5 850 24 9 0.7525422 133
15 850 24 9 2.893437 133
25 850 24 9 4.209897 133
-5 950 24 9 -2.265515 133
5 950 24 9 1.122703 133
15 950 24 9 4.035633 133
25 950 24 9 4.792769 133
65 350 22 10 2.932261 49
75 350 22 10 2.516268 49
65 450 22 10 3.97843 49
75 450 22 10 3.868388 49
65 550 22 10 4.225251 49
75 550 22 10 4.440842 49
65 650 22 10 4.735066 49
75 650 22 10 4.980093 49
65 750 22 10 5.643705 49
75 750 22 10 5.524954 49
65 850 22 10 7.964921 49
75 850 22 10 5.349824 49
65 950 22 10 8.294441 49
75 950 22 10 6.719996 49
15 350 23 10 -4.076356 292
25 350 23 10 -3.909066 292
35 350 23 10 -2.850662 292
5 450 23 10 -4.577829 292
15 450 23 10 -4.208867 292
25 450 23 10 -3.304925 292
35 450 23 10 -2.662409 292
5 550 23 10 -4.733614 292
15 550 23 10 -4.202942 292
25 550 23 10 -3.164964 292
35 550 23 10 -2.44161 292
5 650 23 10 -4.52421 292
15 650 23 10 -4.090803 292
25 650 23 10 -2.856077 292
35 650 23 10 -2.32592 292
5 750 23 10 -4.927479 292
15 750 23 10 -3.972116 292
25 750 23 10 -2.695816 292
35 750 23 10 -2.116213 292
5 850 23 10 -5.472357 292
15 850 23 10 -3.64427 292
25 850 23 10 -2.522409 292
35 850 23 10 -1.499094 292
5 950 23 10 -4.250197 292
15 950 23 10 -2.339182 292
25 950 23 10 -2.288491 292
35 950 23 10 -1.225109 292
45 350 24 10 4.163679 136
55 350 24 10 4.025728 136
65 350 24 10 4.132842 136
35 450 24 10 4.262399 136
45 450 24 10 3.903445 136
55 450 24 10 4.182669 136
65 450 24 10 4.915005 136
35 550 24 10 4.250373 136
45 550 24 10 4.447063 136
55 550 24 10 4.4688 136
65 550 24 10 5.262212 136
35 650 24 10 4.174782 136
45 650 24 10 4.977512 136
55 650 24 10 4.710937 136
65 650 24 10 5.262989 136
35 750 24 10 4.201595 136
45 750 24 10 5.092126 136
55 750 24 10 4.893386 136
65 750 24 10 5.128508 136
35 850 24 10 4.420842 136
45 850 24 10 4.890564 136
55 850 24 10 4.641068 136
65 850 24 10 5.120074 136
45 950 24 10 4.830629 136
55 950 24 10 3.814721 136
65 950 24 10 5.535801 136
35 350 22 11 1.363816 51
45 350 22 11 2.708308 51
55 350 22 11 3.606153 51
65 350 22 11 4.12074 51
35 450 22 11 2.455029 51
45 450 22 11 3.433364 51
55 450 22 11 4.140953 51
65 450 22 11 4.054975 51
35 550 22 11 3.16228 51
45 550 22 11 4.181967 51
55 550 22 11 4.397276 51
65 550 22 11 4.226637 51
35 650 22 11 3.928652 51
45 650 22 11 4.398821 51
55 650 22 11 4.816684 51
65 650 22 11 4.687146 51
35 750 22 11 4.237551 51
45 750 22 11 4.493544 51
55 750 22 11 5.183843 51
65 750 22 11 5.089594 51
35 850 22 11 4.438154 51
45 850 22 11 4.690965 51
55 850 22 11 5.302471 51
65 850 22 11 6.923708 51
45 950 22 11 4.777304 51
55 950 22 11 5.344286 51
45 350 23 11 -2.671661 295
55 350 23 11 -2.051787 295
65 350 23 11 -1.747985 295
35 450 23 11 -3.061045 295
45 450 23 11 -2.728616 295
55 450 23 11 -1.922563 295
65 450 23 11 -1.845196 295
35 550 23 11 -3.045478 295
45 550 23 11 -2.611255 295
55 550 23 11 -1.963783 295
65 550 23 11 -1.723245 295
35 650 23 11 -2.85914 295
45 650 23 11 -2.373067 295
55 650 23 11 -1.848158 295
65 650 23 11 -1.649234 295
35 750 23 11 -2.661283 295
45 750 23 11 -2.049768 295
55 750 23 11 -1.935547 295
65 750 23 11 -1.720265 295
35 850 23 11 -2.551552 295
45 850 23 11 -1.775488 295
55 850 23 11 -1.883677 295
65 850 23 11 -1.368323 295
35 950 23 11 -2.46074 295
45 950 23 11 -1.697842 295
55 950 23 11 -1.911727 295
65 950 23 11 -1.462589 295
45 350 24 11 4.165566 137
65 350 24 11 4.700406 137
45 450 24 11 4.291657 137
65 450 24 11 5.076032 137
45 550 24 11 4.651619 137
65 550 24 11 5.140438 137
45 650 24 11 4.955303 137
65 650 24 11 5.020618 137
45 750 24 11 5.201663 137
65 750 24 11 5.645772 137
45 850 24 11 5.164075 137
65 850 24 11 6.026331 137
45 950 24 11 4.236932 137
65 950 24 11 6.262036 137
45 350 23 12 -2.478047 297
55 350 23 12 -2.467945 297
65 350 23 12 -2.250768 297
75 350 23 12 -2.501295 297
45 450 23 12 -2.476528 297
55 450 23 12 -2.412775 297
65 450 23 12 -2.355553 297
75 450 23 12 -2.075458 297
45 550 23 12 -2.467104 297
55 550 23 12 -1.882751 297
65 550 23 12 -2.514281 297
75 550 23 12 -1.783445 297
45 650 23 12 -2.522679 297
55 650 23 12 -0.7761638 297
65 650 23 12 -2.735096 297
75 650 23 12 -2.349303 297
45 750 23 12 -2.519504 297
55 750 23 12 0.736702 297
65 750 23 12 -2.639484 297
75 750 23 12 -2.835669 297
55 850 23 12 1.723348 297
65 850 23 12 -2.357738 297
75 850 23 12 -2.655032 297
55 950 23 12 2.364621 297
65 950 23 12 -2.561135 297
75 950 23 12 -3.024985 297
45 350 24 12 4.172988 138
55 350 24 12 4.312591 138
65 350 24 12 5.083608 138.1633
75 350 24 12 4.221179 138
45 450 24 12 3.862481 138
65 450 24 12 5.637266 138.1897
75 450 24 12 4.98098 138
45 550 24 12 4.155564 138
65 550 24 12 5.85854 138.1719
75 550 24 12 5.354722 138
45 650 24 12 4.429283 138
65 650 24 12 6.057061 138.5147
75 650 24 12 5.647676 138
45 750 24 12 4.34008 138
65 750 24 12 6.100813 138.325
75 750 24 12 5.781107 138
65 850 24 12 6.25503 138.4444
75 850 24 12 6.24734 138
65 950 24 12 6.804604 138.1932
75 950 24 12 6.56807 138
35 350 23 13 -2.672833 299.5392
45 350 23 13 -2.718442 299
55 350 23 13 -2.508632 299
65 350 23 13 -2.165509 299
35 450 23 13 -2.394836 299.1087
45 450 23 13 -2.444967 299
55 450 23 13 -2.351845 299
65 450 23 13 -2.158805 299
35 550 23 13 -2.603581 299
45 550 23 13 -2.476645 299
55 550 23 13 -2.291537 299
65 550 23 13 -2.440106 299
35 650 23 13 -2.809194 299
45 650 23 13 -2.648567 299
55 650 23 13 -2.249773 299
65 650 23 13 -2.532207 299
35 750 23 13 -2.78745 299
45 750 23 13 -2.704569 299
55 750 23 13 -2.599759 299
65 750 23 13 -2.495163 299
35 850 23 13 -2.729989 299
45 850 23 13 -2.663289 299
55 850 23 13 -2.474836 299
65 850 23 13 -2.487408 299
35 950 23 13 -2.608138 299
45 950 23 13 -2.650176 299
55 950 23 13 -2.416242 299
35 350 24 13 3.949413 140
45 350 24 13 3.567849 140
55 350 24 13 3.908877 140
65 350 24 13 4.438902 140
35 450 24 13 4.402244 140
45 450 24 13 3.709227 140
55 450 24 13 5.111071 140
65 450 24 13 5.20166 140
35 550 24 13 4.61708 140
45 550 24 13 3.955144 140
55 550 24 13 5.75932 140
65 550 24 13 5.872389 140
35 650 24 13 4.59823 140
45 650 24 13 4.36931 140
55 650 24 13 6.152786 140
65 650 24 13 6.151835 140
35 750 24 13 4.548945 140
45 750 24 13 4.929217 140
55 750 24 13 6.34143 140
65 750 24 13 6.122725 140
35 850 24 13 4.666211 140
45 850 24 13 5.722332 140
55 850 24 13 6.410205 140
35 950 24 13 4.821898 140
45 950 24 13 6.153544 140
55 950 24 13 6.376017 140
