-65 -55 -45 -35 -25 -15 -5 5 15 25 35 45 55 65 75
350 450 550 650 750 850 950
1.41638 1.731652 1.879611 1.930254 1.99808 2.125672 2.341251
1.078745 1.276665 1.456182 1.719462 1.77933 1.870381 1.750292
0.6570481 0.8010866 0.8318177 0.8764605 1.226164 0.9698796 2.147218
1.258708 1.144927 1.004442 1.089701 0.9045072 0.8517546 1.626276
1.741508 2.127513 1.665711 1.143471 0.9363439 1.117933 1.40516
1.405491 1.397688 1.375297 1.044922 0.9387885 1.036714 1.342328
2.421749 1.803678 1.246338 1.140422 0.865214 1.447136 1.468488
3.497931 3.845354 4.042541 3.973521 4.855181 5.146173 4.717861
5.264287 5.733083 5.839747 5.755861 6.507042 7.268799 8.306716
6.308104 6.494592 6.639245 6.7888 7.597752 8.912873 10.45719
7.134649 7.620243 8.06938 8.476721 9.380119 9.854039 10.00199
7.614265 8.135606 8.705092 9.174368 9.539578 10.30574 10.38266
9.393016 9.758414 9.325168 9.524025 9.691981 9.674891 9.515658
10.89583 11.97941 13.40893 13.90959 13.21512 14.47856 10.38052
11.03097 12.64048 13.43829 14.61563 15.07622 15.45309 16.10563
