-65 -55 -45 -35 -25 -15 -5 5 15 25 35 45 55 65 75
350 450 550 650 750 850 950
1.356019 1.915216 2.202037 2.362719 2.525005 2.826413 3.925081
1.009375 1.321123 1.517734 1.85126 2.069344 2.272379 2.231129
0.7689383 0.7264881 0.7188806 0.7686814 1.132877 1.240736 1.114353
1.279322 1.156821 0.970742 0.8477893 0.7263357 0.6517998 0.3684151
1.20224 2.679226 1.993517 1.504957 1.053004 0.8495103 1.166135
0.5409198 1.543771 1.348715 0.8903781 0.6173879 0.4942919 0.8103447
2.309025 1.131547 1.297272 3.106258 3.371653 1.002791 0.774217
3.880447 4.29343 4.582867 4.534545 5.389621 5.473128 5.08655
5.779444 6.081364 6.067526 6.16213 6.941127 7.499747 7.878005
6.544838 6.590185 6.553567 6.700511 7.265979 8.20821 9.593262
6.788338 7.257181 7.563342 7.931848 8.469761 8.858576 9.037697
7.465892 7.951303 8.349036 8.679788 9.05088 9.655909 9.423913
8.53869 8.90121 8.591962 8.879965 9.291796 9.454134 9.617729
9.487681 10.74977 11.94632 12.64161 12.30128 13.63218 10.56621
9.884718 11.89458 12.48859 13.22329 13.7793 14.30423 15.68514
