-65 -55 -45 -35 -25 -15 -5 5 15 25 35 45 55 65 75
350 450 550 650 750 850 950
-3.185906 -3.421762 -3.570923 -3.653566 -3.756335 -3.814359 -3.934849
-2.868177 -3.133448 -3.279534 -3.44013 -3.562732 -3.714893 -3.841891
-2.653918 -2.766038 -2.850394 -2.976344 -3.168282 -3.356954 -3.555801
-2.309336 -2.433511 -2.525446 -2.612872 -2.777348 -3.008431 -3.306884
-1.954926 -2.157331 -2.301012 -2.297466 -2.36753 -2.541254 -2.898601
-1.491079 -1.707401 -1.844292 -1.696961 -1.839563 -2.129989 -2.404823
-1.25025 -0.4272318 -0.2372852 0.3099835 0.2628674 -0.5234305 -1.287546
-1.160266 -0.8305404 -0.4540944 -0.01825968 0.1503269 0.07529191 -0.1876904
-0.8298222 -0.7176151 -0.6734949 -0.5009839 -0.4558933 -0.3428982 0.08596942
-0.4153772 -0.3312217 -0.2475925 -0.09139628 0.0518944 0.04191348 0.3305779
-0.2117626 0.05546698 0.2433823 0.2453724 0.5035363 0.3772783 0.2025871
0.2780161 0.4572444 0.5189384 0.589627 0.7438682 0.6918417 0.8771009
0.03031145 0.3778869 0.7682903 1.025491 1.302556 1.567011 1.891467
-0.1371399 -0.006288026 0.09677169 -0.002879127 0.415641 0.1464848 2.618748
-0.9438096 -0.4784559 -0.3303521 -0.2715952 -0.1852214 -0.2511894 0.1687926
