-65 -55 -45 -35 -25 -15 -5 5 15 25 35 45 55 65 75
350 450 550 650 750 850 950
-3.359804 -3.670913 -3.83212 -3.918581 -3.971367 -3.985575 -4.053382
-2.999805 -3.278653 -3.416667 -3.605518 -3.76198 -3.749298 -3.749456
-2.833149 -2.938922 -3.073972 -3.290668 -3.392718 -3.435493 -3.446236
-2.278533 -2.531932 -2.694713 -2.922206 -3.086972 -3.404092 -3.442066
-2.147229 -2.293876 -2.318644 -2.220594 -2.43349 -2.74964 -3.258183
-1.890133 -1.957314 -1.961502 -1.816075 -2.034327 -2.520404 -2.820524
-1.632371 -1.065538 -0.5596952 0.03586954 0.0621093 -1.119805 -1.716976
-1.437741 -1.491942 -1.426279 -1.037087 -1.234137 -1.088435 -0.7149404
-1.223096 -1.23711 -1.246335 -1.029831 -0.443527 -0.1038965 0.306615
-0.8652402 -0.7816883 -0.5182048 -0.4253785 -0.1374372 0.004824326 0.4212245
-0.4134293 -0.1162203 0.1213417 0.1782323 0.4212216 0.7492583 0.9296613
-0.03132121 0.1773285 0.3077537 0.4983595 0.7914289 0.9806268 0.7914015
-0.1128168 0.1820293 0.5587295 0.936396 1.465226 1.79078 2.458335
-0.1792608 0.1608259 0.2154881 0.1473245 0.8536987 0.9310125 3.129383
-0.9348521 -0.4463356 -0.3686897 -0.4870062 -0.2249328 0.1726289 0.04221055
