lat prs camp flt x yday
5 350 21 1 -0.2831761 210
15 350 21 1 -0.1865254 210
25 350 21 1 -0.1017994 210
35 350 21 1 -0.2968001 210
5 450 21 1 -0.1736204 210
15 450 21 1 -0.3232728 210
25 450 21 1 -0.03404461 210
5 550 21 1 -0.2240529 210
15 550 21 1 -0.6051382 210
25 550 21 1 -0.2923512 210
5 650 21 1 -0.4547731 210
15 650 21 1 -0.6662394 210
25 650 21 1 -1.106204 210
5 750 21 1 -0.44122 210
15 750 21 1 -0.787921 210
5 850 21 1 -0.8995543 210
15 850 21 1 -0.8314193 210
25 850 21 1 -0.573487 210
5 950 21 1 -1.267514 210
15 950 21 1 -1.138407 210
25 950 21 1 -1.378627 210
5 350 22 1 -1.517826 25
15 350 22 1 -1.230586 25.64151
25 350 22 1 -0.5696432 25.73333
35 350 22 1 -0.3410141 25.14894
5 450 22 1 -1.393694 25
15 450 22 1 -1.367911 25.5
25 450 22 1 -0.8416745 26
35 450 22 1 0.846356 26
5 550 22 1 -1.431228 25
15 550 22 1 -1.249227 25.51852
25 550 22 1 -0.1191546 26
35 550 22 1 2.706426 26
5 650 22 1 -1.034908 25
15 650 22 1 -0.7891257 25.5
25 650 22 1 1.083729 26
35 650 22 1 3.329015 26
5 750 22 1 -0.9004659 25
15 750 22 1 0.3983859 25.71429
25 750 22 1 2.123313 26
35 750 22 1 4.163262 26
5 850 22 1 -0.4371851 25
15 850 22 1 2.134155 26
25 850 22 1 3.169499 26
35 850 22 1 5.508397 26
5 950 22 1 -0.336261 25
15 950 22 1 2.617641 26
25 950 22 1 4.529746 26
-5 350 23 1 -3.04301 270
5 350 23 1 -3.263963 270
15 350 23 1 -3.662791 270
25 350 23 1 -3.630248 270
35 350 23 1 -3.95607 270.2581
-5 450 23 1 -3.20731 270
5 450 23 1 -3.337628 270
15 450 23 1 -3.810345 270
25 450 23 1 -3.770185 270
35 450 23 1 -3.757696 270.4923
-5 550 23 1 -3.249193 270
5 550 23 1 -3.445465 270
15 550 23 1 -3.970204 270
25 550 23 1 -3.843519 270
35 550 23 1 -4.281876 270.4688
5 650 23 1 -3.725842 270
15 650 23 1 -3.930737 270
25 650 23 1 -4.136616 270
35 650 23 1 -5.0866 270.4324
5 750 23 1 -4.082663 270
15 750 23 1 -3.173935 270
25 750 23 1 -4.318877 270
35 750 23 1 -5.057635 270.6154
5 850 23 1 -3.729831 270
15 850 23 1 -4.238914 270
25 850 23 1 -5.903382 270
35 850 23 1 -4.697001 270.66
5 950 23 1 -3.503796 270
15 950 23 1 -6.085038 270
25 950 23 1 -6.7903 270
35 950 23 1 -4.340774 270.9
5 350 24 1 0.2775707 113
15 350 24 1 0.8876593 113
25 350 24 1 0.5925655 113
35 350 24 1 1.325681 113
5 450 24 1 0.2114773 113
15 450 24 1 0.9570177 113
25 450 24 1 0.9676153 113
35 450 24 1 1.985431 113
5 550 24 1 0.02158672 113
15 550 24 1 1.051316 113
25 550 24 1 1.485996 113
35 550 24 1 2.431484 113.3462
5 650 24 1 0.5538182 113
15 650 24 1 1.76521 113
25 650 24 1 1.792763 113
35 650 24 1 2.599911 113.4667
5 750 24 1 0.5715787 113
15 750 24 1 2.736382 113
25 750 24 1 2.295673 113
5 850 24 1 -0.2304412 113
15 850 24 1 3.203831 113
25 850 24 1 1.371264 113
5 950 24 1 -0.1297379 113
15 950 24 1 4.454393 113
25 950 24 1 5.215318 113
35 350 21 2 -0.5096079 213
45 350 21 2 -0.8308371 213
65 350 21 2 -5.271235 213.1282
75 350 21 2 -6.325939 213
65 450 21 2 -6.597506 213.7614
75 450 21 2 -7.837209 213
65 550 21 2 -7.924634 213
75 550 21 2 -8.554972 213
65 650 21 2 -10.48893 213
75 650 21 2 -9.399495 213
75 750 21 2 -9.835246 213
75 850 21 2 -9.055272 213
75 950 21 2 -8.76261 213
35 350 22 2 -0.3460759 28
45 350 22 2 0.8149814 28
55 350 22 2 2.109817 28
65 350 22 2 2.164277 29
75 350 22 2 1.838511 29
35 450 22 2 -0.1428094 28
45 450 22 2 1.959527 28
55 450 22 2 3.212238 28
65 450 22 2 3.200576 29
75 450 22 2 3.273799 29
35 550 22 2 0.08044227 28
45 550 22 2 2.313638 28
55 550 22 2 3.997855 28
65 550 22 2 3.725834 29
75 550 22 2 3.696342 29
35 650 22 2 0.5287408 28
45 650 22 2 2.947951 28
55 650 22 2 4.220431 28
65 650 22 2 3.952089 29
75 650 22 2 3.775173 29
35 750 22 2 1.402888 28
45 750 22 2 3.502209 28
55 750 22 2 4.318207 28
65 750 22 2 4.358425 29
75 750 22 2 4.151866 29
35 850 22 2 4.111129 28
45 850 22 2 3.774033 28
55 850 22 2 4.104461 28
65 850 22 2 4.596458 29
75 850 22 2 4.65841 29
35 950 22 2 9.464316 28
45 950 22 2 3.510336 28
55 950 22 2 4.183159 28
65 950 22 2 5.331329 29
75 950 22 2 5.061503 29
35 350 23 2 -3.481028 273
45 350 23 2 -3.201581 273
55 350 23 2 -4.833131 273
65 350 23 2 -4.7339 274
75 350 23 2 -4.192753 273.5581
35 450 23 2 -3.170187 273
45 450 23 2 -3.046452 273
55 450 23 2 -4.527416 273
65 450 23 2 -4.178568 274
75 450 23 2 -4.375606 273.5455
35 550 23 2 -2.9745 273
45 550 23 2 -3.038636 273
55 550 23 2 -4.455107 273
65 550 23 2 -3.633236 274
75 550 23 2 -4.187452 273.8421
35 650 23 2 -3.078283 273
45 650 23 2 -2.918471 273
55 650 23 2 -4.388877 273
65 650 23 2 -3.692466 274
75 650 23 2 -3.794281 274
35 750 23 2 -4.866448 273
45 750 23 2 -2.695598 273
55 750 23 2 -4.545733 273
65 750 23 2 -3.927505 274
75 750 23 2 -3.57101 274
35 850 23 2 -4.870091 273
45 850 23 2 -3.528992 273
55 850 23 2 -4.52782 273
75 850 23 2 -3.738693 274
35 950 23 2 -4.559766 273
45 950 23 2 -3.988312 273
55 950 23 2 -2.198536 273
75 950 23 2 -5.682284 274
35 350 24 2 3.568498 116
45 350 24 2 3.370494 116
55 350 24 2 4.806735 116
65 350 24 2 4.347531 117
75 350 24 2 4.741085 116.36
35 450 24 2 3.482298 116
45 450 24 2 3.663397 116
55 450 24 2 5.634959 116
65 450 24 2 6.855649 117
75 450 24 2 6.046022 116.4762
35 550 24 2 3.855816 116
45 550 24 2 3.636166 116
55 550 24 2 5.877636 116
65 550 24 2 6.625367 117
75 550 24 2 6.781809 116.5179
35 650 24 2 3.496074 116
45 650 24 2 4.036608 116
55 650 24 2 5.622342 116
65 650 24 2 6.477717 117
75 650 24 2 7.573605 116.4921
35 750 24 2 4.513602 116
45 750 24 2 4.975212 116
55 750 24 2 6.173109 116
65 750 24 2 6.730285 117
75 750 24 2 7.623724 116.5172
35 850 24 2 5.448683 116
45 850 24 2 5.759963 116
55 850 24 2 6.471054 116
65 850 24 2 7.079631 117
75 850 24 2 7.708961 116.4468
35 950 24 2 5.37295 116
45 950 24 2 5.780439 116
55 950 24 2 6.646084 116
65 950 24 2 7.139988 117
75 950 24 2 7.727643 116.6042
25 350 21 3 -1.082213 216
35 350 21 3 -1.287282 215.2836
45 350 21 3 -3.012543 215
55 350 21 3 -3.741227 215
65 350 21 3 -5.010633 215
25 450 21 3 -0.9243812 216
35 450 21 3 -1.145676 215.3061
45 450 21 3 -3.523712 215
55 450 21 3 -4.233178 215
65 450 21 3 -6.86573 215
25 550 21 3 -0.8191137 216
35 550 21 3 -1.16531 215.4583
45 550 21 3 -3.039935 215
55 550 21 3 -4.393309 215
65 550 21 3 -8.920628 215
25 650 21 3 -0.8507954 216
35 650 21 3 -1.624061 215.2836
45 650 21 3 -2.36958 215
55 650 21 3 -3.449409 215
65 650 21 3 -7.389876 215
25 750 21 3 -0.8400858 216
35 750 21 3 -2.284624 215.5333
45 750 21 3 -2.307868 215
55 750 21 3 -2.828502 215
65 750 21 3 -5.944479 215
35 850 21 3 -3.34371 215.4884
45 850 21 3 -2.707982 215
55 850 21 3 -2.670685 215
65 850 21 3 -5.680224 215
35 950 21 3 -3.651988 215.4865
45 950 21 3 -2.889771 215
55 950 21 3 -2.40132 215
25 350 22 3 0.008976677 32
35 350 22 3 1.08301 32
45 350 22 3 1.424644 31
55 350 22 3 1.471892 31
65 350 22 3 1.676874 31
25 450 22 3 -0.1492423 32
35 450 22 3 1.840835 32
45 450 22 3 2.726716 31
55 450 22 3 1.988886 31
65 450 22 3 2.085726 31
25 550 22 3 1.053677 32
35 550 22 3 3.395358 32
45 550 22 3 3.437644 31
55 550 22 3 3.194223 31
65 550 22 3 3.912866 31
25 650 22 3 1.244565 32
35 650 22 3 3.834044 32
45 650 22 3 3.429528 31
55 650 22 3 4.032453 31
65 650 22 3 4.275119 31
15 750 22 3 1.436102 32
25 750 22 3 2.139219 32
35 750 22 3 4.257962 32
45 750 22 3 4.376021 31
55 750 22 3 4.7852 31
65 750 22 3 4.210076 31
15 850 22 3 2.697503 32
25 850 22 3 2.75683 32
35 850 22 3 4.442148 32
45 850 22 3 5.148759 31
55 850 22 3 5.776863 31
65 850 22 3 4.122605 31
15 950 22 3 2.848707 32
25 950 22 3 3.482408 32
35 950 22 3 4.390339 32
45 950 22 3 4.776326 31
55 950 22 3 6.801221 31
25 350 23 3 -3.146216 277
35 350 23 3 -3.16475 276
45 350 23 3 -3.034391 276
55 350 23 3 -2.78454 276
65 350 23 3 -4.087771 276
25 450 23 3 -3.55514 277
35 450 23 3 -3.762581 276
45 450 23 3 -3.034995 276
55 450 23 3 -3.50142 276
65 450 23 3 -4.475565 276
25 550 23 3 -3.680448 276.3438
35 550 23 3 -3.82967 276
45 550 23 3 -2.985763 276
55 550 23 3 -4.181265 276
25 650 23 3 -3.738486 276.45
35 650 23 3 -3.750746 276
45 650 23 3 -3.438022 276
55 650 23 3 -3.829342 276
25 750 23 3 -4.086527 276.4571
35 750 23 3 -3.805187 276
45 750 23 3 -3.631016 276
55 750 23 3 -3.436358 276
25 850 23 3 -4.336178 276.4138
35 850 23 3 -3.602605 276
45 850 23 3 -3.481135 276
55 850 23 3 -3.609891 276
25 950 23 3 -4.260312 276
35 950 23 3 -3.596831 276
45 950 23 3 -2.705995 276
55 950 23 3 -3.510069 276
25 350 24 3 2.871626 119
35 350 24 3 4.281957 118
45 350 24 3 2.867472 118
55 350 24 3 1.855517 118
65 350 24 3 1.718626 118
25 450 24 3 3.034389 118.7843
35 450 24 3 5.322926 118
45 450 24 3 2.762242 118
55 450 24 3 2.570584 118
65 450 24 3 2.401418 118
25 550 24 3 3.608001 118.75
35 550 24 3 5.68247 118
45 550 24 3 2.310346 118
55 550 24 3 2.7248 118
65 550 24 3 3.591304 118
25 650 24 3 3.716755 118.6809
35 650 24 3 6.18544 118
45 650 24 3 2.847794 118
55 650 24 3 3.081085 118
65 650 24 3 4.35858 118
25 750 24 3 4.625226 118.6667
35 750 24 3 6.337617 118
45 750 24 3 3.682555 118
55 750 24 3 5.070406 118
25 850 24 3 5.296383 118.6757
35 850 24 3 6.203653 118
45 850 24 3 4.714746 118
55 850 24 3 4.622898 118
15 950 24 3 6.115775 119
25 950 24 3 6.052201 118.7877
35 950 24 3 4.968186 118
45 950 24 3 4.978951 118
55 950 24 3 4.030499 118
-15 350 21 4 -0.9068548 219
-5 350 21 4 -0.9317632 218.6834
5 350 21 4 -0.8460239 218
15 350 21 4 -1.059658 218
-15 450 21 4 -1.010759 219
-5 450 21 4 -1.010465 218.6023
5 450 21 4 -0.9750568 218
15 450 21 4 -0.829925 218
-15 550 21 4 -1.005879 219
-5 550 21 4 -0.9337549 218.5915
5 550 21 4 -0.9448798 218
15 550 21 4 -0.847947 218
-15 650 21 4 -0.9802566 219
-5 650 21 4 -0.7120051 218.4068
5 650 21 4 -0.7423358 218
15 650 21 4 -0.922367 218
-15 750 21 4 -1.102312 219
-5 750 21 4 -0.7653922 218.525
5 750 21 4 -0.8761486 218
15 750 21 4 -1.225593 218
-15 850 21 4 -1.139445 219
-5 850 21 4 -1.133061 218.4444
5 850 21 4 -1.250662 218
15 850 21 4 -1.983873 218
-15 950 21 4 -1.177095 219
-5 950 21 4 -1.156515 218.4255
5 950 21 4 -1.167124 218
15 950 21 4 -2.066276 218
-15 350 22 4 -1.159945 34
-5 350 22 4 -1.112316 33.87179
5 350 22 4 -0.7669274 33
15 350 22 4 0.004712513 33
-15 450 22 4 -1.347713 34
-5 450 22 4 -1.196851 33.79167
5 450 22 4 -0.424071 33
15 450 22 4 -0.4948267 33
-15 550 22 4 -1.433741 34
-5 550 22 4 -1.316035 33.81429
5 550 22 4 -0.4322044 33
15 550 22 4 -0.3929671 33
-15 650 22 4 -1.289824 34
-5 650 22 4 -1.457652 33.79661
5 650 22 4 -0.4104729 33
15 650 22 4 -0.01985236 33
-15 750 22 4 -1.286834 34
-5 750 22 4 -1.196108 33.78182
5 750 22 4 -0.6592754 33
15 750 22 4 0.643228 33
-15 850 22 4 -1.263617 34
-5 850 22 4 -0.7571909 33.76471
5 850 22 4 -0.3033904 33
15 850 22 4 1.285943 33
-15 950 22 4 -1.13189 34
-5 950 22 4 -0.5788915 33.94286
5 950 22 4 -0.2828412 33
15 950 22 4 1.795919 33
-15 350 23 4 -3.121877 279
-5 350 23 4 -3.170276 279
5 350 23 4 -3.302048 278.2759
15 350 23 4 -3.014249 278
-15 450 23 4 -3.052255 279
-5 450 23 4 -3.176937 279
5 450 23 4 -3.374247 278.5238
15 450 23 4 -3.490078 278
-15 550 23 4 -2.936734 279
-5 550 23 4 -3.194052 279
5 550 23 4 -3.678436 278.4717
15 550 23 4 -3.658584 278
-15 650 23 4 -3.087219 279
-5 650 23 4 -3.347937 279
5 650 23 4 -3.645377 278.5319
15 650 23 4 -3.623391 278
-15 750 23 4 -3.159771 279
-5 750 23 4 -3.558923 279
5 750 23 4 -3.448838 278.475
15 750 23 4 -3.997807 278
-15 850 23 4 -3.146352 279
-5 850 23 4 -3.2243 279
5 850 23 4 -3.376333 278.5
15 850 23 4 -4.360924 278
-15 950 23 4 -3.194106 279
-5 950 23 4 -2.766782 279
5 950 23 4 -3.290146 278.4301
15 950 23 4 -4.587171 278
-15 350 24 4 -1.510488 121
-5 350 24 4 -1.488347 121
5 350 24 4 -0.9513493 120
15 350 24 4 0.616282 120
-15 450 24 4 -1.551493 121
-5 450 24 4 -1.337217 120.9259
5 450 24 4 -1.110397 120
15 450 24 4 0.7955459 120
-15 550 24 4 -1.595757 121
-5 550 24 4 -0.8972136 120.7049
5 550 24 4 -0.4961232 120
15 550 24 4 0.6381644 120
-15 650 24 4 -1.300036 121
-5 650 24 4 -0.7869119 120.7037
5 650 24 4 0.2673119 120
15 650 24 4 1.162622 120
-15 750 24 4 -1.772481 121
-5 750 24 4 -0.7443433 120.7059
5 750 24 4 0.4923864 120
15 750 24 4 2.07527 120
-15 850 24 4 -3.128455 121
-5 850 24 4 -0.8688589 120.7073
5 850 24 4 1.342048 120
15 850 24 4 2.835858 120
-15 950 24 4 -3.573451 121
-5 950 24 4 -0.915075 120.3785
5 950 24 4 1.561569 120
15 950 24 4 5.100423 120
-45 350 21 5 -2.200242 220.5319
-35 350 21 5 -1.556483 220
-15 350 21 5 -0.9096066 220
-45 450 21 5 -2.155034 220.75
-35 450 21 5 -2.195164 220
-15 450 21 5 -0.976069 220
-45 550 21 5 -2.287314 220.7818
-35 550 21 5 -2.473155 220
-15 550 21 5 -1.018472 220
-45 650 21 5 -2.541347 220.9035
-35 650 21 5 -2.665785 220
-25 650 21 5 -1.171294 220
-15 650 21 5 -1.053222 220
-45 750 21 5 -2.695419 221
-35 750 21 5 -2.738065 220
-25 750 21 5 -1.302038 220
-15 750 21 5 -1.214033 220
-45 850 21 5 -2.947391 221
-35 850 21 5 -2.887328 220
-25 850 21 5 -1.411322 220
-15 850 21 5 -1.308157 220
-45 950 21 5 -2.92924 221
-35 950 21 5 -3.007937 220
-25 950 21 5 -2.106479 220
-15 950 21 5 -1.805481 220
-55 350 22 5 -3.597792 36
-45 350 22 5 -2.934945 35.86585
-35 350 22 5 -2.496465 35
-25 350 22 5 -1.975211 35
-15 350 22 5 -1.300872 35
-55 450 22 5 -3.860432 36
-45 450 22 5 -3.055175 36
-35 450 22 5 -3.006931 35
-25 450 22 5 -2.288449 35
-15 450 22 5 -1.144073 35
-55 550 22 5 -4.094726 36
-45 550 22 5 -3.305101 36
-35 550 22 5 -3.346343 35
-25 550 22 5 -1.974464 35
-15 550 22 5 -1.098064 35
-55 650 22 5 -4.659365 36
-45 650 22 5 -3.372443 36
-35 650 22 5 -3.278244 35
-25 650 22 5 -1.268355 35
-15 650 22 5 -1.032008 35
-55 750 22 5 -4.690673 36
-45 750 22 5 -3.296036 36
-35 750 22 5 -3.107893 35
-25 750 22 5 -1.269463 35
-15 750 22 5 -1.238256 35
-55 850 22 5 -4.728501 36
-45 850 22 5 -3.28418 36
-35 850 22 5 -3.222642 35
-25 850 22 5 -1.676917 35
-15 850 22 5 -1.478966 35
-55 950 22 5 -4.717766 36
-45 950 22 5 -3.011234 36
-35 950 22 5 -2.848392 35
-25 950 22 5 -2.914917 35
-55 350 23 5 -2.292279 281
-45 350 23 5 -2.485655 280.8322
-35 350 23 5 -2.379006 280
-25 350 23 5 -2.653725 280
-15 350 23 5 -2.906852 280
-55 450 23 5 -2.123824 281
-45 450 23 5 -2.531447 280.8584
-35 450 23 5 -2.489035 280
-25 450 23 5 -2.539383 280
-15 450 23 5 -2.930417 280
-55 550 23 5 -2.255019 281
-45 550 23 5 -2.743642 280.9023
-35 550 23 5 -2.712339 280
-25 550 23 5 -2.524239 280
-15 550 23 5 -2.965278 280
-55 650 23 5 -2.555469 281
-45 650 23 5 -2.782519 280.8916
-35 650 23 5 -2.724384 280
-25 650 23 5 -2.529063 280
-15 650 23 5 -2.825213 280
-55 750 23 5 -2.757088 281
-45 750 23 5 -3.046389 281
-35 750 23 5 -2.650662 280
-25 750 23 5 -2.666298 280
-15 750 23 5 -2.91204 280
-55 850 23 5 -3.006635 281
-45 850 23 5 -3.15991 281
-35 850 23 5 -3.240864 280
-25 850 23 5 -3.163398 280
-15 850 23 5 -3.225037 280
-55 950 23 5 -3.427683 281
-45 950 23 5 -3.417677 281
-35 950 23 5 -3.647843 280
-25 950 23 5 -3.548603 280
-15 950 23 5 -3.337136 280
-45 350 24 5 -2.743939 123
-35 350 24 5 -2.200117 122.4231
-25 350 24 5 -2.011898 122
-15 350 24 5 -2.111195 122
-45 450 24 5 -2.608345 123
-35 450 24 5 -2.402538 122.6667
-25 450 24 5 -2.269118 122
-15 450 24 5 -2.210707 122
-45 550 24 5 -2.627802 123
-35 550 24 5 -2.634214 122.4615
-25 550 24 5 -2.440369 122
-15 550 24 5 -2.167879 122
-45 650 24 5 -2.996517 123
-35 650 24 5 -2.869906 122.3636
-25 650 24 5 -2.910613 122
-15 650 24 5 -2.307635 122
-45 750 24 5 -3.389514 123
-35 750 24 5 -3.061845 122.3611
-25 750 24 5 -3.515186 122
-15 750 24 5 -2.722024 122
-45 850 24 5 -3.467167 123
-35 850 24 5 -3.666929 122.3714
-25 850 24 5 -3.947242 122
-15 850 24 5 -3.604436 122
-45 950 24 5 -3.632506 123
-35 950 24 5 -3.818606 122.5278
-25 950 24 5 -4.04277 122
-15 950 24 5 -3.677568 122
-65 350 21 6 -2.846918 225
-55 350 21 6 -2.461676 224.7868
-45 350 21 6 -2.406204 224
-65 450 21 6 -3.122666 225
-55 450 21 6 -2.796453 224.875
-45 450 21 6 -2.791073 224
-65 550 21 6 -3.178611 225
-55 550 21 6 -2.950335 224.8427
-45 550 21 6 -2.945325 224
-65 650 21 6 -3.159595 225
-55 650 21 6 -3.015909 224.8642
-45 650 21 6 -3.087861 224
-65 750 21 6 -3.085471 225
-55 750 21 6 -3.118451 224.8571
-45 750 21 6 -3.142827 224
-65 850 21 6 -3.016537 225
-55 850 21 6 -3.103065 224.8451
-45 850 21 6 -3.090866 224
-65 950 21 6 -2.971843 225
-55 950 21 6 -3.127761 224.9554
-45 950 21 6 -2.841524 224
-65 350 22 6 -4.008629 40.60504
-55 350 22 6 -3.553073 40.18254
-45 350 22 6 -3.561575 40
-65 450 22 6 -4.425388 40.63107
-55 450 22 6 -4.056307 40.52439
-45 450 22 6 -3.591595 40
-65 550 22 6 -4.712101 40.65476
-55 550 22 6 -4.295656 40.52857
-45 550 22 6 -3.744004 40
-65 650 22 6 -4.861721 40.67143
-55 650 22 6 -4.412931 40.59375
-45 650 22 6 -4.100859 40
-65 750 22 6 -4.933598 40.66129
-55 750 22 6 -4.582208 40.54
-65 850 22 6 -4.989836 40.65
-55 850 22 6 -4.755895 40.48649
-65 950 22 6 -5.296959 40.56604
-55 950 22 6 -4.825304 40.53623
-65 350 23 6 -2.855538 283.5024
-55 350 23 6 -2.699176 283.3908
-45 350 23 6 -2.635579 283
-65 450 23 6 -3.053071 283.4872
-55 450 23 6 -2.859758 283.4609
-45 450 23 6 -2.709472 283
-65 550 23 6 -3.262229 283.4792
-55 550 23 6 -3.194499 283.6
-45 550 23 6 -2.888804 283
-65 650 23 6 -3.367668 283.425
-55 650 23 6 -3.355771 283.3158
-45 650 23 6 -3.02674 283
-65 750 23 6 -3.378721 283.4545
-55 750 23 6 -3.530483 283.3673
-45 750 23 6 -3.125951 283
-65 850 23 6 -3.3416 283.4865
-55 850 23 6 -3.429875 283.5747
-45 850 23 6 -2.783349 283
-65 950 23 6 -3.278934 283.4028
-55 950 23 6 -3.394395 283.3037
-45 950 23 6 -2.977 283
-65 350 24 6 -3.411577 126
-55 350 24 6 -3.015134 125.4277
-45 350 24 6 -3.263612 125
-65 450 24 6 -3.750729 126
-55 450 24 6 -3.178676 125.4375
-45 450 24 6 -3.554103 125
-65 550 24 6 -3.853531 126
-55 550 24 6 -3.312076 125.5054
-45 550 24 6 -3.636485 125
-65 650 24 6 -3.939299 126
-55 650 24 6 -3.449089 125.6
-45 650 24 6 -3.865277 125
-65 750 24 6 -4.057084 126
-55 750 24 6 -3.750455 125.5921
-45 750 24 6 -4.052744 125
-65 850 24 6 -4.145528 126
-55 850 24 6 -4.025998 125.5714
-45 850 24 6 -4.041454 125
-65 950 24 6 -4.162345 126
-55 950 24 6 -4.039386 125.5111
-45 950 24 6 -3.270799 125
-55 350 21 7 -2.580732 227
-45 350 21 7 -2.526956 227
-35 350 21 7 -1.572771 227
-25 350 21 7 -1.526318 227
-15 350 21 7 -1.676271 227
-5 350 21 7 -1.608261 227
-55 450 21 7 -2.807102 227
-45 450 21 7 -2.544034 227
-35 450 21 7 -1.517794 227
-25 450 21 7 -1.359926 227
-15 450 21 7 -1.512974 227
-5 450 21 7 -1.434718 227
-55 550 21 7 -2.860801 227
-45 550 21 7 -2.797019 227
-35 550 21 7 -1.428611 227
-25 550 21 7 -1.541365 227
-15 550 21 7 -1.721037 227
-5 550 21 7 -1.51511 227
-55 650 21 7 -2.847597 227
-45 650 21 7 -2.919999 227
-35 650 21 7 -2.045598 227
-25 650 21 7 -1.855341 227
-15 650 21 7 -1.421628 227
-5 650 21 7 -1.716047 227
-55 750 21 7 -2.873105 227
-45 750 21 7 -2.97322 227
-35 750 21 7 -2.570334 227
-25 750 21 7 -2.021889 227
-15 750 21 7 -1.390565 227
-55 850 21 7 -2.823163 227
-45 850 21 7 -2.967997 227
-35 850 21 7 -3.359278 227
-25 850 21 7 -2.381123 227
-15 850 21 7 -1.1766 227
-55 950 21 7 -2.844526 227
-45 950 21 7 -2.985516 227
-35 950 21 7 -3.509035 227
-25 950 21 7 -2.388285 227
-15 950 21 7 -1.132276 227
-55 350 22 7 -3.002778 43
-45 350 22 7 -2.978734 43
-35 350 22 7 -2.379652 43
-25 350 22 7 -2.544197 43
-15 350 22 7 -3.108518 43
-5 350 22 7 -1.055851 43
-55 450 22 7 -3.515427 43
-45 450 22 7 -3.194765 43
-35 450 22 7 -2.793905 43
-25 450 22 7 -3.199821 43
-15 450 22 7 -3.698157 43
-5 450 22 7 -1.201461 43
-55 550 22 7 -3.86024 43
-45 550 22 7 -3.181281 43
-35 550 22 7 -2.72476 43
-25 550 22 7 -3.133479 43
-15 550 22 7 -3.32122 43
-5 550 22 7 1.564322 43
-55 650 22 7 -4.146536 43
-45 650 22 7 -3.514117 43
-35 650 22 7 -2.95285 43
-25 650 22 7 -3.065686 43
-15 650 22 7 -2.48689 43
-5 650 22 7 3.112105 43
-55 750 22 7 -4.400767 43
-45 750 22 7 -3.932726 43
-35 750 22 7 -3.235912 43
-25 750 22 7 -3.206988 43
-15 750 22 7 -3.280853 43
-5 750 22 7 2.99627 43
-55 850 22 7 -3.7312 43
-45 850 22 7 -3.987832 43
-35 850 22 7 -3.528079 43
-15 850 22 7 -4.029984 43
-5 850 22 7 -1.182421 43
-55 950 22 7 -3.372555 43
-45 950 22 7 -3.971229 43
-35 950 22 7 -3.680065 43
-15 950 22 7 -4.024899 43
-5 950 22 7 -3.012563 43
-65 350 23 7 -3.105732 286
-55 350 23 7 -2.954818 286
-65 450 23 7 -3.311979 286
-55 450 23 7 -3.2669 286
-65 550 23 7 -3.37293 286
-55 550 23 7 -3.325351 286
-65 650 23 7 -3.423336 286
-55 650 23 7 -3.351412 286
-65 750 23 7 -3.439665 286
-55 750 23 7 -3.353378 286
-65 850 23 7 -3.390301 286
-55 850 23 7 -3.435739 286
-65 950 23 7 -3.379479 286
-55 950 23 7 -3.188282 286
-65 350 24 7 -3.459764 128
-55 350 24 7 -2.932994 128
-65 450 24 7 -3.841065 128
-55 450 24 7 -3.363809 128
-65 550 24 7 -3.990204 128
-55 550 24 7 -3.578823 128
-65 650 24 7 -4.067481 128
-55 650 24 7 -3.897378 128
-65 750 24 7 -4.202724 128
-55 750 24 7 -4.113512 128
-65 850 24 7 -4.262697 128
-55 850 24 7 -4.06253 128
-65 950 24 7 -4.301897 128
-55 950 24 7 -3.968361 128
-5 350 21 8 -1.774823 229
5 350 21 8 -3.137528 229
15 350 21 8 -2.670839 229
25 350 21 8 -2.301549 229
35 350 21 8 -1.963613 229
-5 450 21 8 -1.569421 229
5 450 21 8 -3.235372 229
15 450 21 8 -3.223436 229
25 450 21 8 -2.20594 229
35 450 21 8 -1.985011 229
-5 550 21 8 -1.954361 229
5 550 21 8 -2.927759 229
15 550 21 8 -3.337125 229
25 550 21 8 -2.473378 229
35 550 21 8 -2.218559 229
-5 650 21 8 -1.545432 229
5 650 21 8 -1.966072 229
15 650 21 8 -3.677836 229
25 650 21 8 -3.393642 229
35 650 21 8 -2.998098 229
-5 750 21 8 0.9151931 229
5 750 21 8 -1.5999 229
15 750 21 8 -2.87049 229
25 750 21 8 -3.935015 229
35 750 21 8 -3.572927 229
-5 850 21 8 0.3455994 229
5 850 21 8 -1.139272 229
15 850 21 8 -2.484646 229
25 850 21 8 -4.028387 229
35 850 21 8 -3.686683 229
-5 950 21 8 -1.207762 229
5 950 21 8 -0.4838088 229
15 950 21 8 -4.05034 229
25 950 21 8 -6.290501 229
35 950 21 8 -4.893868 229
-5 350 22 8 -0.9622164 45
5 350 22 8 0.4510935 45
15 350 22 8 -0.26112 45
25 350 22 8 -0.07340112 45
35 350 22 8 0.1461483 45
-5 450 22 8 1.955129 45
5 450 22 8 0.5445973 45
15 450 22 8 -0.09387087 45
25 450 22 8 0.216042 45
35 450 22 8 0.0274 45
-5 550 22 8 2.831537 45
5 550 22 8 1.384368 45
15 550 22 8 0.08671621 45
25 550 22 8 0.4492467 45
35 550 22 8 -0.1132122 45
-5 650 22 8 4.029127 45
5 650 22 8 4.217736 45
15 650 22 8 0.3115569 45
25 650 22 8 0.7634552 45
35 650 22 8 0.1694648 45
-5 750 22 8 2.721163 45
5 750 22 8 4.517158 45
15 750 22 8 0.574509 45
25 750 22 8 0.8530372 45
35 750 22 8 1.420677 45
-5 850 22 8 -0.4924958 45
5 850 22 8 3.338115 45
15 850 22 8 0.9798753 45
25 850 22 8 1.685423 45
35 850 22 8 3.137488 45
-5 950 22 8 -2.056983 45
5 950 22 8 2.633654 45
15 950 22 8 2.10037 45
25 950 22 8 3.021323 45
35 950 22 8 3.825192 45
-55 350 23 8 -2.959639 289
-45 350 23 8 -2.735476 289
-35 350 23 8 -2.984315 289
-25 350 23 8 -2.94561 289
-15 350 23 8 -2.430964 289
-5 350 23 8 -2.945094 289
-55 450 23 8 -3.175217 289
-45 450 23 8 -2.792096 289
-35 450 23 8 -2.729947 289
-25 450 23 8 -2.775051 289
-15 450 23 8 -2.03556 289
-5 450 23 8 0.4384185 289
-45 550 23 8 -2.759162 289
-35 550 23 8 -2.653089 289
-25 550 23 8 -2.62347 289
-15 550 23 8 -2.036626 289
-5 550 23 8 1.322905 289
-45 650 23 8 -3.076511 289
-35 650 23 8 -2.794575 289
-25 650 23 8 -2.287044 289
-15 650 23 8 -1.66842 289
-5 650 23 8 2.672976 289
-45 750 23 8 -3.029096 289
-35 750 23 8 -3.049382 289
-25 750 23 8 -2.09381 289
-15 750 23 8 -1.316932 289
-5 750 23 8 2.514844 289
-45 850 23 8 -3.462362 289
-35 850 23 8 -3.284833 289
-25 850 23 8 -2.95272 289
-15 850 23 8 -3.04857 289
-5 850 23 8 0.4889114 289
-45 950 23 8 -4.262527 289
-35 950 23 8 -3.501859 289
-25 950 23 8 -3.36349 289
-15 950 23 8 -3.300564 289
-5 950 23 8 -1.330576 289
-55 350 24 8 -3.566403 131
-45 350 24 8 -3.10487 131
-35 350 24 8 -2.294341 131
-25 350 24 8 -1.340684 131
-15 350 24 8 -1.062887 131
-5 350 24 8 -0.3156362 131
-55 450 24 8 -3.842567 131
-45 450 24 8 -3.327996 131
-35 450 24 8 -2.702361 131
-25 450 24 8 -1.675405 131
-15 450 24 8 -1.470513 131
-5 450 24 8 -0.5274805 131
-55 550 24 8 -3.680924 131
-45 550 24 8 -3.592506 131
-35 550 24 8 -3.196943 131
-25 550 24 8 -2.034511 131
-15 550 24 8 -1.83974 131
-5 550 24 8 -1.622178 131
-55 650 24 8 -3.732539 131
-45 650 24 8 -3.784851 131
-35 650 24 8 -3.829563 131
-25 650 24 8 -2.511102 131
-15 650 24 8 -2.164887 131
-5 650 24 8 -1.660663 131
-55 750 24 8 -3.988469 131
-45 750 24 8 -4.010789 131
-35 750 24 8 -4.17832 131
-25 750 24 8 -3.357481 131
-15 750 24 8 -2.784488 131
-5 750 24 8 -1.944947 131
-55 850 24 8 -3.954601 131
-45 850 24 8 -3.996477 131
-35 850 24 8 -4.023031 131
-25 850 24 8 -3.738167 131
-15 850 24 8 -3.332528 131
-55 950 24 8 -4.187834 131
-45 950 24 8 -3.975116 131
-35 950 24 8 -3.569955 131
-25 950 24 8 -3.709866 131
-15 950 24 8 -3.447007 131
45 350 21 9 -1.924991 232
55 350 21 9 -5.310363 232
65 350 21 9 -5.914867 232
75 350 21 9 -6.954208 232
35 450 21 9 -2.157521 232
45 450 21 9 -2.585989 232
55 450 21 9 -5.164048 232
65 450 21 9 -7.214231 232
75 450 21 9 -7.956172 232
35 550 21 9 -2.633179 232
45 550 21 9 -3.910542 232
65 550 21 9 -8.906858 232
75 550 21 9 -9.743047 232
35 650 21 9 -3.126476 232
45 650 21 9 -5.147995 232
65 650 21 9 -11.45117 232
75 650 21 9 -11.65633 232
45 750 21 9 -5.473266 232
65 750 21 9 -10.79857 232
75 750 21 9 -10.87117 232
45 850 21 9 -6.921963 232
65 850 21 9 -12.18635 232
75 850 21 9 -9.895455 232
45 950 21 9 -9.579204 232
75 950 21 9 -10.31844 232
35 350 22 9 0.1797924 48
45 350 22 9 0.1483546 48
55 350 22 9 1.498746 48
65 350 22 9 2.720238 48
75 350 22 9 2.077281 48
35 450 22 9 0.158737 48
45 450 22 9 0.1381497 48
55 450 22 9 1.796462 48
65 450 22 9 4.14716 48
75 450 22 9 3.718321 48
35 550 22 9 0.2959997 48
45 550 22 9 0.1241648 48
55 550 22 9 2.000853 48
65 550 22 9 4.14694 48
75 550 22 9 3.976714 48
35 650 22 9 0.9064528 48
45 650 22 9 1.02066 48
55 650 22 9 1.519155 48
65 650 22 9 4.714155 48
75 650 22 9 4.022478 48
35 750 22 9 2.504549 48
45 750 22 9 1.146423 48
55 750 22 9 1.454963 48
65 750 22 9 4.855858 48
75 750 22 9 4.273596 48
35 850 22 9 3.313397 48
45 850 22 9 2.678252 48
55 850 22 9 2.276761 48
65 850 22 9 4.907462 48
75 850 22 9 4.771582 48
35 950 22 9 3.363877 48
45 950 22 9 3.563491 48
55 950 22 9 3.353913 48
65 950 22 9 5.613734 48
75 950 22 9 4.451583 48
-5 350 23 9 -3.486954 291
5 350 23 9 -3.915906 291
15 350 23 9 -3.734149 291
-5 450 23 9 -2.587903 291
5 450 23 9 -4.317249 291
15 450 23 9 -3.568538 291
-5 550 23 9 -0.2276388 291
5 550 23 9 -3.96721 291
15 550 23 9 -3.780306 291
-5 650 23 9 0.9691088 291
5 650 23 9 -3.525404 291
15 650 23 9 -4.259148 291
-5 750 23 9 0.9365894 291
5 750 23 9 -5.965194 291
15 750 23 9 -4.573965 291
-5 850 23 9 -2.269618 291
5 850 23 9 -4.905702 291
15 850 23 9 -3.246735 291
-5 950 23 9 -1.839925 291
5 950 23 9 -3.4298 291
15 950 23 9 -3.044202 291
-5 350 24 9 -0.4177068 133
5 350 24 9 -0.1225451 133
15 350 24 9 -0.0796633 133
25 350 24 9 1.290504 133
35 350 24 9 1.503396 133
-5 450 24 9 -0.6082269 133
5 450 24 9 -0.07129792 133
15 450 24 9 0.7955448 133
25 450 24 9 1.486419 133
35 450 24 9 1.993284 133
-5 550 24 9 -0.7064255 133
5 550 24 9 -0.2963912 133
15 550 24 9 1.138324 133
25 550 24 9 0.6935124 133
35 550 24 9 2.117905 133
-5 650 24 9 -1.527214 133
5 650 24 9 -0.2042841 133
15 650 24 9 2.025496 133
25 650 24 9 1.1223 133
35 650 24 9 2.851145 133
-5 750 24 9 -1.770268 133
5 750 24 9 -0.06078727 133
15 750 24 9 3.090374 133
25 750 24 9 2.201088 133
35 750 24 9 3.768739 133
-5 850 24 9 -2.164614 133
5 850 24 9 0.1341737 133
15 850 24 9 2.624489 133
25 850 24 9 3.485472 133
-5 950 24 9 -2.389497 133
5 950 24 9 0.5734655 133
15 950 24 9 3.964679 133
25 950 24 9 4.132089 133
65 350 22 10 2.304727 49
75 350 22 10 1.671538 49
65 450 22 10 3.69072 49
75 450 22 10 3.348294 49
65 550 22 10 3.511993 49
75 550 22 10 4.358322 49
65 650 22 10 4.099482 49
75 650 22 10 5.260457 49
65 750 22 10 5.085146 49
75 750 22 10 6.252632 49
65 850 22 10 7.877123 49
75 850 22 10 6.285025 49
65 950 22 10 8.405394 49
75 950 22 10 6.271695 49
15 350 23 10 -3.663366 292
25 350 23 10 -4.085646 292
35 350 23 10 -2.954461 292
5 450 23 10 -3.869182 292
15 450 23 10 -3.72033 292
25 450 23 10 -3.337401 292
35 450 23 10 -2.902081 292
5 550 23 10 -4.479253 292
15 550 23 10 -3.825829 292
25 550 23 10 -2.664088 292
35 550 23 10 -2.882548 292
5 650 23 10 -6.095854 292
15 650 23 10 -3.893397 292
25 650 23 10 -2.636634 292
35 650 23 10 -2.788733 292
5 750 23 10 -7.266244 292
15 750 23 10 -3.464422 292
25 750 23 10 -2.495593 292
35 750 23 10 -2.930226 292
5 850 23 10 -6.057115 292
15 850 23 10 -3.222148 292
25 850 23 10 -2.489555 292
35 850 23 10 -2.784828 292
5 950 23 10 -2.917672 292
15 950 23 10 -3.278857 292
25 950 23 10 -2.713294 292
35 950 23 10 -2.703341 292
45 350 24 10 2.600769 136
55 350 24 10 2.471633 136
65 350 24 10 3.043158 136
35 450 24 10 2.985232 136
45 450 24 10 2.522992 136
55 450 24 10 2.525878 136
65 450 24 10 4.166658 136
35 550 24 10 2.920143 136
45 550 24 10 3.252147 136
55 550 24 10 2.920206 136
65 550 24 10 4.909967 136
35 650 24 10 2.904992 136
45 650 24 10 4.114855 136
55 650 24 10 3.595716 136
65 650 24 10 5.615757 136
35 750 24 10 3.310245 136
45 750 24 10 4.566323 136
55 750 24 10 4.388556 136
65 750 24 10 5.620494 136
35 850 24 10 3.427676 136
45 850 24 10 4.827528 136
55 850 24 10 4.264205 136
65 850 24 10 5.424217 136
45 950 24 10 4.667771 136
55 950 24 10 3.961557 136
65 950 24 10 5.870439 136
35 350 22 11 -0.05606033 51
45 350 22 11 2.61817 51
55 350 22 11 4.105999 51
65 350 22 11 4.522069 51
35 450 22 11 1.258629 51
45 450 22 11 3.171838 51
55 450 22 11 4.03789 51
65 450 22 11 4.190556 51
35 550 22 11 2.82018 51
45 550 22 11 4.029948 51
55 550 22 11 3.917625 51
65 550 22 11 3.884605 51
35 650 22 11 3.625043 51
45 650 22 11 4.294217 51
55 650 22 11 4.529329 51
65 650 22 11 3.927491 51
35 750 22 11 3.041067 51
45 750 22 11 4.415809 51
55 750 22 11 4.228843 51
65 750 22 11 4.179531 51
35 850 22 11 3.866904 51
45 850 22 11 4.481888 51
55 850 22 11 5.130126 51
65 850 22 11 5.619608 51
45 950 22 11 4.476888 51
55 950 22 11 5.860253 51
45 350 23 11 -2.877569 295
55 350 23 11 -3.023754 295
65 350 23 11 -2.481172 295
35 450 23 11 -2.776652 295
45 450 23 11 -2.609335 295
55 450 23 11 -2.777667 295
65 450 23 11 -2.547174 295
35 550 23 11 -2.66659 295
45 550 23 11 -2.561457 295
55 550 23 11 -2.240445 295
65 550 23 11 -1.489244 295
35 650 23 11 -2.561181 295
45 650 23 11 -2.551403 295
55 650 23 11 -1.683835 295
65 650 23 11 -1.492231 295
35 750 23 11 -2.46093 295
45 750 23 11 -2.076962 295
55 750 23 11 -2.050699 295
65 750 23 11 -1.305006 295
35 850 23 11 -2.445032 295
45 850 23 11 -1.818601 295
55 850 23 11 -2.301656 295
65 850 23 11 -0.7685701 295
35 950 23 11 -2.537484 295
45 950 23 11 -1.88048 295
55 950 23 11 -2.376328 295
65 950 23 11 -0.1627617 295
45 350 24 11 3.218392 137
65 350 24 11 3.598203 137
45 450 24 11 2.816807 137
65 450 24 11 4.545511 137
45 550 24 11 2.996199 137
65 550 24 11 5.927588 137
45 650 24 11 3.639309 137
65 650 24 11 5.591687 137
45 750 24 11 4.485445 137
65 750 24 11 5.653634 137
45 850 24 11 5.589587 137
65 850 24 11 5.952641 137
45 950 24 11 5.448339 137
65 950 24 11 6.020161 137
45 350 23 12 -3.103292 297
55 350 23 12 -2.905383 297
65 350 23 12 -2.664174 297
75 350 23 12 -2.713466 297
45 450 23 12 -2.606228 297
55 450 23 12 -2.46876 297
65 450 23 12 -2.666152 297
75 450 23 12 -2.307272 297
45 550 23 12 -2.246835 297
55 550 23 12 -2.360462 297
65 550 23 12 -2.58114 297
75 550 23 12 -1.993242 297
45 650 23 12 -2.344289 297
55 650 23 12 -1.77578 297
65 650 23 12 -2.53663 297
75 650 23 12 -2.70817 297
45 750 23 12 -2.254897 297
55 750 23 12 1.203884 297
65 750 23 12 -2.891164 297
75 750 23 12 -2.909075 297
55 850 23 12 4.826343 297
65 850 23 12 -2.676348 297
75 850 23 12 -2.81502 297
55 950 23 12 10.05006 297
65 950 23 12 -1.966071 297
75 950 23 12 -2.509401 297
45 350 24 12 2.79897 138
55 350 24 12 2.927625 138
65 350 24 12 4.286646 138.1633
75 350 24 12 3.181727 138
45 450 24 12 3.010402 138
65 450 24 12 5.332174 138.1897
75 450 24 12 4.125432 138
45 550 24 12 3.050533 138
65 550 24 12 5.50736 138.1719
75 550 24 12 4.579854 138
45 650 24 12 3.185825 138
65 650 24 12 5.839224 138.5147
75 650 24 12 5.038773 138
45 750 24 12 3.22938 138
65 750 24 12 6.01301 138.325
75 750 24 12 5.399785 138
65 850 24 12 6.145712 138.4444
75 850 24 12 6.227648 138
65 950 24 12 6.646276 138.1932
75 950 24 12 6.9183 138
35 350 23 13 -2.917179 299.5392
45 350 23 13 -2.751054 299
55 350 23 13 -2.751523 299
65 350 23 13 -2.594709 299
35 450 23 13 -2.64201 299.1087
45 450 23 13 -2.337977 299
55 450 23 13 -2.697041 299
65 450 23 13 -2.403156 299
35 550 23 13 -2.721816 299
45 550 23 13 -2.461685 299
55 550 23 13 -2.566596 299
65 550 23 13 -2.552951 299
35 650 23 13 -2.784294 299
45 650 23 13 -2.600918 299
55 650 23 13 -2.352766 299
65 650 23 13 -2.52257 299
35 750 23 13 -2.755959 299
45 750 23 13 -2.888885 299
55 750 23 13 -2.383979 299
65 750 23 13 -1.844054 299
35 850 23 13 -2.762389 299
45 850 23 13 -2.923119 299
55 850 23 13 -2.22018 299
65 850 23 13 -1.476308 299
35 950 23 13 -1.672489 299
45 950 23 13 -3.183836 299
55 950 23 13 -1.622491 299
35 350 24 13 3.67038 140
45 350 24 13 3.057275 140
55 350 24 13 3.420775 140
65 350 24 13 3.629017 140
35 450 24 13 4.059825 140
45 450 24 13 3.344749 140
55 450 24 13 5.017957 140
65 450 24 13 4.748276 140
35 550 24 13 4.017279 140
45 550 24 13 3.635346 140
55 550 24 13 5.698376 140
65 550 24 13 5.636724 140
35 650 24 13 3.711926 140
45 650 24 13 4.021267 140
55 650 24 13 6.128722 140
65 650 24 13 5.306808 140
35 750 24 13 3.393328 140
45 750 24 13 4.370445 140
55 750 24 13 5.998238 140
65 750 24 13 5.014425 140
35 850 24 13 2.981829 140
45 850 24 13 5.081892 140
55 850 24 13 5.420353 140
35 950 24 13 2.57217 140
45 950 24 13 5.01384 140
55 950 24 13 4.716752 140
